Date & Time: 2018-12-02 06:16:04.238725
Euler test case, time = 0.1200
dx = 0.000999000999000999
dt = 1e-06
nSteps = 1000000
[Pressure]   [Density]    [Velocity]    [Internal Energy]
 1.00000000  1.00000000  0.00000000  2.50000000 
 1.00000000  1.00000000  0.00000000  2.50000000 
 1.00000000  1.00000000  0.00000000  2.50000000 
 1.00000000  1.00000000  0.00000000  2.50000000 
 1.00000000  1.00000000  0.00000000  2.50000000 
 1.00000000  1.00000000  0.00000000  2.50000000 
 1.00000000  1.00000000  0.00000000  2.50000000 
 1.00000000  1.00000000  0.00000000  2.50000000 
 1.00000000  1.00000000  0.00000000  2.50000000 
 1.00000000  1.00000000  0.00000000  2.50000000 
 1.00000000  1.00000000  0.00000000  2.50000000 
 1.00000000  1.00000000  0.00000000  2.50000000 
 1.00000000  1.00000000  0.00000000  2.50000000 
 1.00000000  1.00000000  0.00000000  2.50000000 
 1.00000000  1.00000000  0.00000000  2.50000000 
 1.00000000  1.00000000  0.00000000  2.50000000 
 1.00000000  1.00000000  0.00000000  2.50000000 
 1.00000000  1.00000000  0.00000000  2.50000000 
 1.00000000  1.00000000  0.00000000  2.50000000 
 1.00000000  1.00000000  0.00000000  2.50000000 
 1.00000000  1.00000000  0.00000000  2.50000000 
 1.00000000  1.00000000  0.00000000  2.50000000 
 1.00000000  1.00000000  0.00000000  2.50000000 
 1.00000000  1.00000000  0.00000000  2.50000000 
 1.00000000  1.00000000  0.00000000  2.50000000 
 1.00000000  1.00000000  0.00000000  2.50000000 
 1.00000000  1.00000000  0.00000000  2.50000000 
 1.00000000  1.00000000  0.00000000  2.50000000 
 1.00000000  1.00000000  0.00000000  2.50000000 
 1.00000000  1.00000000  0.00000000  2.50000000 
 1.00000000  1.00000000  0.00000000  2.50000000 
 1.00000000  1.00000000  0.00000000  2.50000000 
 1.00000000  1.00000000  0.00000000  2.50000000 
 1.00000000  1.00000000  0.00000000  2.50000000 
 1.00000000  1.00000000  0.00000000  2.50000000 
 1.00000000  1.00000000  0.00000000  2.50000000 
 1.00000000  1.00000000  0.00000000  2.50000000 
 1.00000000  1.00000000  0.00000000  2.50000000 
 1.00000000  1.00000000  0.00000000  2.50000000 
 1.00000000  1.00000000  0.00000000  2.50000000 
 1.00000000  1.00000000  0.00000000  2.50000000 
 1.00000000  1.00000000  0.00000000  2.50000000 
 1.00000000  1.00000000  0.00000000  2.50000000 
 1.00000000  1.00000000  0.00000000  2.50000000 
 1.00000000  1.00000000  0.00000000  2.50000000 
 1.00000000  1.00000000  0.00000000  2.50000000 
 1.00000000  1.00000000  0.00000000  2.50000000 
 1.00000000  1.00000000  0.00000000  2.50000000 
 1.00000000  1.00000000  0.00000000  2.50000000 
 1.00000000  1.00000000  0.00000000  2.50000000 
 1.00000000  1.00000000  0.00000000  2.50000000 
 1.00000000  1.00000000  0.00000000  2.50000000 
 1.00000000  1.00000000  0.00000000  2.50000000 
 1.00000000  1.00000000  0.00000000  2.50000000 
 1.00000000  1.00000000  0.00000000  2.50000000 
 1.00000000  1.00000000  0.00000000  2.50000000 
 1.00000000  1.00000000  0.00000000  2.50000000 
 1.00000000  1.00000000  0.00000000  2.50000000 
 1.00000000  1.00000000  0.00000000  2.50000000 
 1.00000000  1.00000000  0.00000000  2.50000000 
 1.00000000  1.00000000  0.00000000  2.50000000 
 1.00000000  1.00000000  0.00000000  2.50000000 
 1.00000000  1.00000000  0.00000000  2.50000000 
 1.00000000  1.00000000  0.00000000  2.50000000 
 1.00000000  1.00000000  0.00000000  2.50000000 
 1.00000000  1.00000000  0.00000000  2.50000000 
 1.00000000  1.00000000  0.00000000  2.50000000 
 1.00000000  1.00000000  0.00000000  2.50000000 
 1.00000000  1.00000000  0.00000000  2.50000000 
 1.00000000  1.00000000  0.00000000  2.50000000 
 1.00000000  1.00000000  0.00000000  2.50000000 
 1.00000000  1.00000000  0.00000000  2.50000000 
 1.00000000  1.00000000  0.00000000  2.50000000 
 1.00000000  1.00000000  0.00000000  2.50000000 
 1.00000000  1.00000000  0.00000000  2.50000000 
 1.00000000  1.00000000  0.00000000  2.50000000 
 1.00000000  1.00000000  0.00000000  2.50000000 
 1.00000000  1.00000000  0.00000000  2.50000000 
 1.00000000  1.00000000  0.00000000  2.50000000 
 1.00000000  1.00000000  0.00000000  2.50000000 
 1.00000000  1.00000000  0.00000000  2.50000000 
 1.00000000  1.00000000  0.00000000  2.50000000 
 1.00000000  1.00000000  0.00000000  2.50000000 
 1.00000000  1.00000000  0.00000000  2.50000000 
 1.00000000  1.00000000  0.00000000  2.50000000 
 1.00000000  1.00000000  0.00000000  2.50000000 
 1.00000000  1.00000000  0.00000000  2.50000000 
 1.00000000  1.00000000  0.00000000  2.50000000 
 1.00000000  1.00000000  0.00000000  2.50000000 
 1.00000000  1.00000000  0.00000000  2.50000000 
 1.00000000  1.00000000  0.00000000  2.50000000 
 1.00000000  1.00000000  0.00000000  2.50000000 
 1.00000000  1.00000000  0.00000000  2.50000000 
 1.00000000  1.00000000  0.00000000  2.50000000 
 1.00000000  1.00000000  0.00000000  2.50000000 
 1.00000000  1.00000000  0.00000000  2.50000000 
 1.00000000  1.00000000  0.00000000  2.50000000 
 1.00000000  1.00000000  0.00000000  2.50000000 
 1.00000000  1.00000000  0.00000000  2.50000000 
 1.00000000  1.00000000  0.00000000  2.50000000 
 1.00000000  1.00000000  0.00000000  2.50000000 
 1.00000000  1.00000000  0.00000000  2.50000000 
 1.00000000  1.00000000  0.00000000  2.50000000 
 1.00000000  1.00000000  0.00000000  2.50000000 
 1.00000000  1.00000000  0.00000000  2.50000000 
 1.00000000  1.00000000  0.00000000  2.50000000 
 1.00000000  1.00000000  0.00000000  2.50000000 
 1.00000000  1.00000000  0.00000000  2.50000000 
 1.00000000  1.00000000  0.00000000  2.50000000 
 1.00000000  1.00000000  0.00000000  2.50000000 
 1.00000000  1.00000000  0.00000000  2.50000000 
 1.00000000  1.00000000  0.00000000  2.50000000 
 1.00000000  1.00000000  0.00000000  2.50000000 
 1.00000000  1.00000000  0.00000000  2.50000000 
 1.00000000  1.00000000  0.00000000  2.50000000 
 1.00000000  1.00000000  0.00000000  2.50000000 
 1.00000000  1.00000000  0.00000000  2.50000000 
 1.00000000  1.00000000  0.00000000  2.50000000 
 1.00000000  1.00000000  0.00000000  2.50000000 
 1.00000000  1.00000000  0.00000000  2.50000000 
 1.00000000  1.00000000  0.00000000  2.50000000 
 1.00000000  1.00000000  0.00000000  2.50000000 
 1.00000000  1.00000000  0.00000000  2.50000000 
 1.00000000  1.00000000  0.00000000  2.50000000 
 1.00000000  1.00000000  0.00000000  2.50000000 
 1.00000000  1.00000000  0.00000000  2.50000000 
 1.00000000  1.00000000  0.00000000  2.50000000 
 1.00000000  1.00000000  0.00000000  2.50000000 
 1.00000000  1.00000000  0.00000000  2.50000000 
 1.00000000  1.00000000  0.00000000  2.50000000 
 1.00000000  1.00000000  0.00000000  2.50000000 
 1.00000000  1.00000000  0.00000000  2.50000000 
 1.00000000  1.00000000  0.00000000  2.50000000 
 1.00000000  1.00000000  0.00000000  2.50000000 
 1.00000000  1.00000000  0.00000000  2.50000000 
 1.00000000  1.00000000  0.00000000  2.50000000 
 1.00000000  1.00000000  0.00000000  2.50000000 
 1.00000000  1.00000000  0.00000000  2.50000000 
 1.00000000  1.00000000  0.00000000  2.50000000 
 1.00000000  1.00000000  0.00000000  2.50000000 
 1.00000000  1.00000000  0.00000000  2.50000000 
 1.00000000  1.00000000  0.00000000  2.50000000 
 1.00000000  1.00000000  0.00000000  2.50000000 
 1.00000000  1.00000000  0.00000000  2.50000000 
 1.00000000  1.00000000  0.00000000  2.50000000 
 1.00000000  1.00000000  0.00000000  2.50000000 
 1.00000000  1.00000000  0.00000000  2.50000000 
 1.00000000  1.00000000  0.00000000  2.50000000 
 1.00000000  1.00000000  0.00000000  2.50000000 
 1.00000000  1.00000000  0.00000000  2.50000000 
 1.00000000  1.00000000  0.00000000  2.50000000 
 1.00000000  1.00000000  0.00000000  2.50000000 
 1.00000000  1.00000000  0.00000000  2.50000000 
 1.00000000  1.00000000  0.00000000  2.50000000 
 1.00000000  1.00000000  0.00000000  2.50000000 
 1.00000000  1.00000000  0.00000000  2.50000000 
 1.00000000  1.00000000  0.00000000  2.50000000 
 1.00000000  1.00000000  0.00000000  2.50000000 
 1.00000000  1.00000000  0.00000000  2.50000000 
 1.00000000  1.00000000  0.00000000  2.50000000 
 1.00000000  1.00000000  0.00000000  2.50000000 
 1.00000000  1.00000000  0.00000000  2.50000000 
 1.00000000  1.00000000  0.00000000  2.50000000 
 1.00000000  1.00000000  0.00000000  2.50000000 
 1.00000000  1.00000000  0.00000000  2.50000000 
 1.00000000  1.00000000  0.00000000  2.50000000 
 1.00000000  1.00000000  0.00000000  2.50000000 
 1.00000000  1.00000000  0.00000000  2.50000000 
 1.00000000  1.00000000  0.00000000  2.50000000 
 1.00000000  1.00000000  0.00000000  2.50000000 
 1.00000000  1.00000000  0.00000000  2.50000000 
 1.00000000  1.00000000  0.00000000  2.50000000 
 1.00000000  1.00000000  0.00000000  2.50000000 
 1.00000000  1.00000000  0.00000000  2.50000000 
 1.00000000  1.00000000  0.00000000  2.50000000 
 1.00000000  1.00000000  0.00000000  2.50000000 
 1.00000000  1.00000000  0.00000000  2.50000000 
 1.00000000  1.00000000  0.00000000  2.50000000 
 1.00000000  1.00000000  0.00000000  2.50000000 
 1.00000000  1.00000000  0.00000000  2.50000000 
 1.00000000  1.00000000  0.00000000  2.50000000 
 1.00000000  1.00000000  0.00000000  2.50000000 
 1.00000000  1.00000000  0.00000000  2.50000000 
 1.00000000  1.00000000  0.00000000  2.50000000 
 1.00000000  1.00000000  0.00000000  2.50000000 
 1.00000000  1.00000000  0.00000000  2.50000000 
 1.00000000  1.00000000  0.00000000  2.50000000 
 1.00000000  1.00000000  0.00000000  2.50000000 
 1.00000000  1.00000000  0.00000000  2.50000000 
 1.00000000  1.00000000  0.00000000  2.50000000 
 1.00000000  1.00000000  0.00000000  2.50000000 
 1.00000000  1.00000000  0.00000000  2.50000000 
 1.00000000  1.00000000  0.00000000  2.50000000 
 1.00000000  1.00000000  0.00000000  2.50000000 
 1.00000000  1.00000000  0.00000000  2.50000000 
 1.00000000  1.00000000  0.00000000  2.50000000 
 1.00000000  1.00000000  0.00000000  2.50000000 
 1.00000000  1.00000000  0.00000000  2.50000000 
 1.00000000  1.00000000  0.00000000  2.50000000 
 1.00000000  1.00000000  0.00000000  2.50000000 
 1.00000000  1.00000000  0.00000000  2.50000000 
 1.00000000  1.00000000  0.00000000  2.50000000 
 1.00000000  1.00000000  0.00000000  2.50000000 
 1.00000000  1.00000000  0.00000000  2.50000000 
 1.00000000  1.00000000  0.00000000  2.50000000 
 1.00000000  1.00000000  0.00000000  2.50000000 
 1.00000000  1.00000000  0.00000000  2.50000000 
 1.00000000  1.00000000  0.00000000  2.50000000 
 1.00000000  1.00000000  0.00000000  2.50000000 
 1.00000000  1.00000000  0.00000000  2.50000000 
 1.00000000  1.00000000  0.00000000  2.50000000 
 1.00000000  1.00000000  0.00000000  2.50000000 
 1.00000000  1.00000000  0.00000000  2.50000000 
 1.00000000  1.00000000  0.00000000  2.50000000 
 1.00000000  1.00000000  0.00000000  2.50000000 
 1.00000000  1.00000000  0.00000000  2.50000000 
 1.00000000  1.00000000  0.00000000  2.50000000 
 1.00000000  1.00000000  0.00000000  2.50000000 
 1.00000000  1.00000000  0.00000000  2.50000000 
 1.00000000  1.00000000  0.00000000  2.50000000 
 1.00000000  1.00000000  0.00000000  2.50000000 
 1.00000000  1.00000000  0.00000000  2.50000000 
 1.00000000  1.00000000  0.00000000  2.50000000 
 1.00000000  1.00000000  0.00000000  2.50000000 
 1.00000000  1.00000000  0.00000000  2.50000000 
 1.00000000  1.00000000  0.00000000  2.50000000 
 1.00000000  1.00000000  0.00000000  2.50000000 
 1.00000000  1.00000000  0.00000000  2.50000000 
 1.00000000  1.00000000  0.00000000  2.50000000 
 1.00000000  1.00000000  0.00000000  2.50000000 
 1.00000000  1.00000000  0.00000000  2.50000000 
 1.00000000  1.00000000  0.00000000  2.50000000 
 1.00000000  1.00000000  0.00000000  2.50000000 
 1.00000000  1.00000000  0.00000000  2.50000000 
 1.00000000  1.00000000  0.00000000  2.50000000 
 1.00000000  1.00000000  0.00000000  2.50000000 
 1.00000000  1.00000000  0.00000000  2.50000000 
 1.00000000  1.00000000  0.00000000  2.50000000 
 1.00000000  1.00000000  0.00000000  2.50000000 
 1.00000000  1.00000000  0.00000000  2.50000000 
 1.00000000  1.00000000  0.00000000  2.50000000 
 1.00000000  1.00000000  0.00000000  2.50000000 
 1.00000000  1.00000000  0.00000000  2.50000000 
 1.00000000  1.00000000  0.00000000  2.50000000 
 1.00000000  1.00000000  0.00000000  2.50000000 
 1.00000000  1.00000000  0.00000000  2.50000000 
 1.00000000  1.00000000  0.00000000  2.50000000 
 1.00000000  1.00000000  0.00000000  2.50000000 
 1.00000000  1.00000000  0.00000000  2.50000000 
 1.00000000  1.00000000  0.00000000  2.50000000 
 1.00000000  1.00000000  0.00000000  2.50000000 
 1.00000000  1.00000000  0.00000000  2.50000000 
 1.00000000  1.00000000  0.00000000  2.50000000 
 1.00000000  1.00000000  0.00000000  2.50000000 
 1.00000000  1.00000000  0.00000000  2.50000000 
 1.00000000  1.00000000  0.00000000  2.50000000 
 1.00000000  1.00000000  0.00000000  2.50000000 
 1.00000000  1.00000000  0.00000000  2.50000000 
 1.00000000  1.00000000  0.00000000  2.50000000 
 1.00000000  1.00000000  0.00000000  2.50000000 
 1.00000000  1.00000000  0.00000000  2.50000000 
 1.00000000  1.00000000  0.00000000  2.50000000 
 1.00000000  1.00000000  0.00000000  2.50000000 
 1.00000000  1.00000000  0.00000000  2.50000000 
 1.00000000  1.00000000  0.00000000  2.50000000 
 1.00000000  1.00000000  0.00000000  2.50000000 
 1.00000000  1.00000000  0.00000000  2.50000000 
 1.00000000  1.00000000  0.00000000  2.50000000 
 1.00000000  1.00000000  0.00000000  2.50000000 
 1.00000000  1.00000000  0.00000000  2.50000000 
 1.00000000  1.00000000  0.00000000  2.50000000 
 1.00000000  1.00000000  0.00000000  2.50000000 
 1.00000000  1.00000000  0.00000000  2.50000000 
 1.00000000  1.00000000  0.00000000  2.50000000 
 1.00000000  1.00000000  0.00000000  2.50000000 
 1.00000000  1.00000000  0.00000000  2.50000000 
 1.00000000  1.00000000  0.00000000  2.50000000 
 1.00000000  1.00000000  0.00000000  2.50000000 
 1.00000000  1.00000000  0.00000000  2.50000000 
 1.00000000  1.00000000  0.00000000  2.50000000 
 1.00000000  1.00000000  0.00000000  2.50000000 
 1.00000000  1.00000000  0.00000000  2.50000000 
 1.00000000  1.00000000  0.00000000  2.50000000 
 1.00000000  1.00000000  0.00000000  2.50000000 
 1.00000000  1.00000000  0.00000000  2.50000000 
 1.00000000  1.00000000  0.00000000  2.50000000 
 1.00000000  1.00000000  0.00000000  2.50000000 
 1.00000000  1.00000000  0.00000000  2.50000000 
 1.00000000  1.00000000  0.00000000  2.50000000 
 1.00000000  1.00000000  0.00000000  2.50000000 
 1.00000000  1.00000000  0.00000000  2.50000000 
 1.00000000  1.00000000  0.00000000  2.50000000 
 1.00000000  1.00000000  0.00000000  2.50000000 
 1.00000000  1.00000000  0.00000000  2.50000000 
 1.00000000  1.00000000  0.00000000  2.50000000 
 1.00000000  1.00000000  0.00000000  2.50000000 
 1.00000000  1.00000000  0.00000000  2.50000000 
 1.00000000  1.00000000  0.00000000  2.50000000 
 1.00000000  1.00000000  0.00000000  2.50000000 
 1.00000000  1.00000000  0.00000000  2.50000000 
 1.00000000  1.00000000  0.00000000  2.50000000 
 1.00000000  1.00000000  0.00000000  2.50000000 
 1.00000000  1.00000000  0.00000000  2.50000000 
 1.00000000  1.00000000  0.00000000  2.50000000 
 1.00000000  1.00000000  0.00000000  2.50000000 
 1.00000000  1.00000000  0.00000000  2.50000000 
 1.00000000  1.00000000  0.00000000  2.50000000 
 1.00000000  1.00000000  0.00000000  2.50000000 
 1.00000000  1.00000000  0.00000000  2.50000000 
 1.00000000  1.00000000  0.00000000  2.50000000 
 1.00000000  1.00000000  0.00000000  2.50000000 
 1.00000000  1.00000000  0.00000000  2.50000000 
 1.00000000  1.00000000  0.00000000  2.50000000 
 1.00000000  1.00000000  0.00000000  2.50000000 
 1.00000000  1.00000000  0.00000000  2.50000000 
 1.00000000  1.00000000  0.00000000  2.50000000 
 1.00000000  1.00000000  0.00000000  2.50000000 
 1.00000000  1.00000000  0.00000000  2.50000000 
 1.00000000  1.00000000  0.00000000  2.50000000 
 1.00000000  1.00000000  0.00000000  2.50000000 
 1.00000000  1.00000000  0.00000000  2.50000000 
 1.00000000  1.00000000  0.00000000  2.50000000 
 1.00000000  1.00000000  0.00000000  2.50000000 
 1.00000000  1.00000000  0.00000000  2.50000000 
 1.00000000  1.00000000  0.00000000  2.50000000 
 1.00000000  1.00000000  0.00000000  2.50000000 
 1.00000000  1.00000000  0.00000000  2.50000000 
 1.00000000  1.00000000  0.00000000  2.50000000 
 1.00000000  1.00000000  0.00000000  2.50000000 
 1.00000000  1.00000000  0.00000000  2.50000000 
 1.00000000  1.00000000  0.00000000  2.50000000 
 1.00000000  1.00000000  0.00000000  2.50000000 
 1.00000000  1.00000000  0.00000000  2.50000000 
 1.00000000  1.00000000  0.00000000  2.50000000 
 1.00000000  1.00000000  0.00000000  2.50000000 
 1.00000000  1.00000000  0.00000000  2.50000000 
 1.00000000  1.00000000  0.00000000  2.50000000 
 1.00000000  1.00000000  0.00000000  2.50000000 
 1.00000000  1.00000000  0.00000000  2.50000000 
 1.00000000  1.00000000  0.00000000  2.50000000 
 1.00000000  1.00000000  0.00000000  2.50000000 
 1.00000000  1.00000000  0.00000000  2.50000000 
 1.00000000  1.00000000  0.00000000  2.50000000 
 1.00000000  1.00000000  0.00000000  2.50000000 
 1.00000000  1.00000000  0.00000000  2.50000000 
 1.00000000  1.00000000  0.00000000  2.50000000 
 1.00000000  1.00000000  0.00000000  2.50000000 
 1.00000000  1.00000000  0.00000000  2.50000000 
 1.00000000  1.00000000  0.00000000  2.50000000 
 1.00000000  1.00000000  0.00000000  2.50000000 
 1.00000000  1.00000000  0.00000000  2.50000000 
 1.00000000  1.00000000  0.00000000  2.50000000 
 1.00000000  1.00000000  0.00000000  2.50000000 
 1.00000000  1.00000000  0.00000000  2.50000000 
 1.00000000  1.00000000  0.00000000  2.50000000 
 1.00000000  1.00000000  0.00000000  2.50000000 
 1.00000000  1.00000000  0.00000000  2.50000000 
 1.00000000  1.00000000  0.00000000  2.50000000 
 1.00000000  1.00000000  0.00000000  2.50000000 
 1.00000000  1.00000000  0.00000000  2.50000000 
 1.00000000  1.00000000  0.00000000  2.50000000 
 1.00000000  1.00000000  0.00000000  2.50000000 
 1.00000000  1.00000000  0.00000000  2.50000000 
 1.00000000  1.00000000  0.00000000  2.50000000 
 1.00000000  1.00000000  0.00000000  2.50000000 
 1.00000000  1.00000000  0.00000000  2.50000000 
 1.00000000  1.00000000  0.00000000  2.50000000 
 1.00000000  1.00000000  0.00000000  2.50000000 
 1.00000000  1.00000000  0.00000000  2.50000000 
 1.00000000  1.00000000  0.00000000  2.50000000 
 1.00000000  1.00000000  0.00000000  2.50000000 
 1.00000000  1.00000000  0.00000000  2.50000000 
 1.00000000  1.00000000  0.00000000  2.50000000 
 1.00000000  1.00000000  0.00000000  2.50000000 
 1.00000000  1.00000000  0.00000000  2.50000000 
 1.00000000  1.00000000  0.00000000  2.50000000 
 1.00000000  1.00000000  0.00000000  2.50000000 
 1.00000000  1.00000000  0.00000000  2.50000000 
 1.00000000  1.00000000  0.00000000  2.50000000 
 1.00000000  1.00000000  0.00000000  2.50000000 
 1.00000000  1.00000000  0.00000000  2.50000000 
 1.00000000  1.00000000  0.00000000  2.50000000 
 1.00000000  1.00000000  0.00000000  2.50000000 
 1.00000000  1.00000000  0.00000000  2.50000000 
 1.00000000  1.00000000  0.00000000  2.50000000 
 1.00000000  1.00000000  0.00000000  2.50000000 
 1.00000000  1.00000000  0.00000000  2.50000000 
 1.00000000  1.00000000  0.00000000  2.50000000 
 1.00000000  1.00000000  0.00000000  2.50000000 
 1.00000000  1.00000000  0.00000000  2.50000000 
 1.00000000  1.00000000  0.00000000  2.50000000 
 1.00000000  1.00000000  0.00000000  2.50000000 
 1.00000000  1.00000000  0.00000000  2.50000000 
 1.00000000  1.00000000  0.00000000  2.50000000 
 1.00000000  1.00000000  0.00000000  2.50000000 
 1.00000000  1.00000000  0.00000000  2.50000000 
 1.00000000  1.00000000  0.00000000  2.50000000 
 1.00000000  1.00000000  0.00000000  2.50000000 
 1.00000000  1.00000000  0.00000000  2.50000000 
 1.00000000  1.00000000  0.00000000  2.50000000 
 1.00000000  1.00000000  0.00000000  2.50000000 
 1.00000000  1.00000000  0.00000000  2.50000000 
 1.00000000  1.00000000  0.00000000  2.50000000 
 1.00000000  1.00000000  0.00000000  2.50000000 
 1.00000000  1.00000000  0.00000000  2.50000000 
 1.00000000  1.00000000  0.00000000  2.50000000 
 1.00000000  1.00000000  0.00000000  2.50000000 
 1.00000000  1.00000000  0.00000000  2.50000000 
 1.00000000  1.00000000  0.00000000  2.50000000 
 1.00000000  1.00000000  0.00000000  2.50000000 
 1.00000000  1.00000000  0.00000000  2.50000000 
 1.00000000  1.00000000  0.00000000  2.50000000 
 1.00000000  1.00000000  0.00000000  2.50000000 
 1.00000000  1.00000000  0.00000000  2.50000000 
 1.00000000  1.00000000  0.00000000  2.50000000 
 1.00000000  1.00000000  0.00000000  2.50000000 
 1.00000000  1.00000000  0.00000000  2.50000000 
 1.00000000  1.00000000  0.00000000  2.50000000 
 1.00000000  1.00000000  0.00000000  2.50000000 
 1.00000000  1.00000000  0.00000000  2.50000000 
 1.00000000  1.00000000  0.00000000  2.50000000 
 1.00000000  1.00000000  0.00000000  2.50000000 
 1.00000000  1.00000000  0.00000000  2.50000000 
 1.00000000  1.00000000  0.00000000  2.50000000 
 1.00000000  1.00000000  0.00000000  2.50000000 
 1.00000000  1.00000000  0.00000000  2.50000000 
 1.00000000  1.00000000  0.00000000  2.50000000 
 1.00000000  1.00000000  0.00000000  2.50000000 
 1.00000000  1.00000000  0.00000000  2.50000000 
 1.00000000  1.00000000  0.00000000  2.50000000 
 1.00000000  1.00000000  0.00000000  2.50000000 
 1.00000000  1.00000000  0.00000000  2.50000000 
 1.00000000  1.00000000  0.00000000  2.50000000 
 1.00000000  1.00000000  0.00000000  2.50000000 
 1.00000000  1.00000000  0.00000000  2.50000000 
 1.00000000  1.00000000  0.00000000  2.50000000 
 1.00000000  1.00000000  0.00000000  2.50000000 
 1.00000000  1.00000000  0.00000000  2.50000000 
 1.00000000  1.00000000  0.00000000  2.50000000 
 1.00000000  1.00000000  0.00000000  2.50000000 
 1.00000000  1.00000000  0.00000000  2.50000000 
 1.00000000  1.00000000  0.00000000  2.50000000 
 1.00000000  1.00000000  0.00000000  2.50000000 
 1.00000000  1.00000000  0.00000000  2.50000000 
 1.00000000  1.00000000  0.00000000  2.50000000 
 1.00000000  1.00000000  0.00000000  2.50000000 
 1.00000000  1.00000000  0.00000000  2.50000000 
 1.00000000  1.00000000  0.00000000  2.50000000 
 1.00000000  1.00000000  0.00000000  2.50000000 
 1.00000000  1.00000000  0.00000000  2.50000000 
 1.00000000  1.00000000  0.00000000  2.50000000 
 1.00000000  1.00000000  0.00000000  2.50000000 
 1.00000000  1.00000000  0.00000000  2.50000000 
 1.00000000  1.00000000  0.00000000  2.50000000 
 1.00000000  1.00000000  0.00000000  2.50000000 
 1.00000000  1.00000000  0.00000000  2.50000000 
 1.00000000  0.99999999  0.00000001  2.49999999 
 0.99999999  0.99999998  0.00000001  2.49999998 
 0.99999998  0.99999995  0.00000003  2.49999995 
 0.99999995  0.99999989  0.00000007  2.49999989 
 0.99999990  0.99999974  0.00000016  2.49999974 
 0.99999977  0.99999942  0.00000036  2.49999942 
 0.99999950  0.99999874  0.00000080  2.49999874 
 0.99999891  0.99999729  0.00000172  2.49999729 
 0.99999771  0.99999427  0.00000362  2.49999427 
 0.99999525  0.99998813  0.00000751  2.49998813 
 0.99999034  0.99997586  0.00001527  2.49997586 
 0.99998074  0.99995185  0.00003045  2.49995185 
 0.99996234  0.99990586  0.00005954  2.49990586 
 0.99992784  0.99981963  0.00011409  2.49981962 
 0.99986460  0.99966157  0.00021410  2.49966152 
 0.99975129  0.99937849  0.00039327  2.49937831 
 0.99955310  0.99888360  0.00070671  2.49888301 
 0.99921492  0.99803993  0.00124163  2.49803807 
 0.99865250  0.99663911  0.00213148  2.49663351 
 0.99774174  0.99437669  0.00357310  2.49436069 
 0.99630702  0.99082785  0.00584565  2.49078447 
 0.99411037  0.98543039  0.00932874  2.48531881 
 0.99084440  0.97748558  0.01451564  2.47721399 
 0.98613236  0.96618953  0.02201664  2.46556508 
 0.97953922  0.95070579  0.03254742  2.44935161 
 0.97059653  0.93028071  0.04689906  2.42751441 
 0.95884176  0.90438702  0.06588836  2.39906749 
 0.94387019  0.87286305  0.09029406  2.36323370 
 0.92539207  0.83600173  0.12077914  2.31957781 
 0.90328925  0.79455980  0.15783337  2.26811991 
 0.87765227  0.74966472  0.20167930  2.20937681 
 0.84879919  0.70266177  0.25231584  2.14436485 
 0.81722652  0.65487647  0.30944198  2.07441994 
 0.78349674  0.60744328  0.37277002  2.00094624 
 0.74826484  0.56105269  0.44182969  1.92542461 
 0.71270893  0.51764364  0.51496628  1.85040936 
 0.67835015  0.47734696  0.58960192  1.77884555 
 0.64656828  0.44177450  0.66261551  1.71340330 
 0.61789426  0.41124597  0.73240893  1.65503652 
 0.59227365  0.38461326  0.79822996  1.60321633 
 0.56965130  0.36118815  0.85962672  1.55757972 
 0.55028595  0.34156176  0.91476416  1.51862321 
 0.53559888  0.32706500  0.95864046  1.48928217 
 0.52936465  0.32099201  0.97774945  1.47684485 
 0.52897689  0.32037662  0.97897386  1.47596506 
 0.52897687  0.32014334  0.97901641  1.47586656 
 0.52897460  0.32008887  0.97903662  1.47584112 
 0.52896369  0.32001042  0.97908970  1.47579289 
 0.52893730  0.31991337  0.97918493  1.47571021 
 0.52888668  0.31976023  0.97936650  1.47556711 
 0.52879014  0.31972739  0.97967725  1.47540733 
 0.52862719  0.31904717  0.98020668  1.47483907 
 0.52843441  0.31916588  0.98082744  1.47460841 
 0.52819094  0.31841300  0.98156894  1.47386925 
 0.52819745  0.31739157  0.98164019  1.47341566 
 0.52819639  0.31696799  0.98168321  1.47322230 
 0.52819114  0.31669782  0.98174745  1.47309896 
 0.52815295  0.31633464  0.98185025  1.47286041 
 0.52806661  0.31554106  0.98218529  1.47236586 
 0.52795661  0.31731644  0.98253085  1.47305491 
 0.52792700  0.31605846  0.98269789  1.47242556 
 0.52785590  0.31468910  0.98271265  1.47159118 
 0.52788800  0.30417228  0.98290076  1.46664951 
 0.52788801  0.29460823  0.98312884  1.46209568 
 0.52788271  0.29100815  0.98319206  1.46036070 
 0.52788503  0.28639581  0.98326872  1.45815880 
 0.52788504  0.27776360  0.98345701  1.45403736 
 0.52788504  0.27361357  0.98352325  1.45204827 
 0.52788504  0.26977850  0.98357472  1.45020706 
 0.52788504  0.26572905  0.98362504  1.44826144 
 0.52788504  0.26086810  0.98368576  1.44592550 
 0.52788551  0.25536535  0.98375507  1.44328177 
 0.52788570  0.24944993  0.98382782  1.44043769 
 0.52788578  0.24390003  0.98388822  1.43776645 
 0.52788643  0.23795515  0.98395252  1.43490571 
 0.52788665  0.23183859  0.98402438  1.43196174 
 0.52790133  0.22438861  0.98412854  1.42841451 
 0.52790750  0.21868539  0.98418320  1.42567990 
 0.52790985  0.21460233  0.98421173  1.42371433 
 0.52791148  0.21067909  0.98423863  1.42182382 
 0.52792374  0.20528825  0.98428916  1.41925356 
 0.52793246  0.20062051  0.98432470  1.41702125 
 0.52793755  0.19692492  0.98434716  1.41524802 
 0.52794055  0.19339304  0.98436569  1.41354797 
 0.52794135  0.18968980  0.98438324  1.41175905 
 0.52795466  0.18618838  0.98441829  1.41010230 
 0.52797964  0.18258465  0.98447158  1.40842819 
 0.52799618  0.18060024  0.98449729  1.40751246 
 0.52800404  0.17941682  0.98450825  1.40696055 
 0.52800664  0.17840206  0.98451016  1.40647560 
 0.52800708  0.17767848  0.98450847  1.40612575 
 0.52801412  0.17688620  0.98451683  1.40576084 
 0.52802168  0.17634174  0.98452550  1.40551738 
 0.52803059  0.17600424  0.98453500  1.40537772 
 0.52803206  0.17572043  0.98453496  1.40524385 
 0.52803485  0.17559493  0.98453757  1.40519046 
 0.52803528  0.17543038  0.98453439  1.40511123 
 0.52804522  0.17533714  0.98454745  1.40509314 
 0.52808945  0.17524209  0.98461407  1.40516915 
 0.52812671  0.17520201  0.98466944  1.40525244 
 0.52814824  0.17517368  0.98470027  1.40529783 
 0.52815862  0.17514884  0.98471572  1.40531441 
 0.52816206  0.17513972  0.98472037  1.40531938 
 0.52816510  0.17512616  0.98472431  1.40532108 
 0.52816452  0.17511775  0.98472384  1.40531548 
 0.52816698  0.17511187  0.98472860  1.40531959 
 0.52817105  0.17510728  0.98473703  1.40532900 
 0.52818939  0.17510518  0.98476890  1.40537934 
 0.52820561  0.17510451  0.98479892  1.40542473 
 0.52821424  0.17510368  0.98481877  1.40544934 
 0.52821634  0.17510277  0.98482772  1.40545568 
 0.52821682  0.17510134  0.98483783  1.40545794 
 0.52821642  0.17510006  0.98484396  1.40545738 
 0.52821402  0.17509835  0.98485059  1.40545169 
 0.52821330  0.17509629  0.98486581  1.40545150 
 0.52820847  0.17509499  0.98486532  1.40543872 
 0.52821215  0.17509379  0.98488181  1.40545019 
 0.52821390  0.17509202  0.98490270  1.40545730 
 0.52822855  0.17509230  0.98493485  1.40549960 
 0.52823289  0.17509258  0.98495096  1.40551337 
 0.52823719  0.17509320  0.98496623  1.40552705 
 0.52823278  0.17509412  0.98496889  1.40551693 
 0.52825515  0.17509736  0.98501144  1.40558176 
 0.52828147  0.17510210  0.98506241  1.40565866 
 0.52818440  0.17509768  0.98491918  1.40538914 
 0.52819316  0.17510219  0.98494008  1.40541683 
 0.52817014  0.17510457  0.98491241  1.40535566 
 0.52894089  0.17516709  0.98611393  1.40752028 
 0.52831946  0.17512711  0.98515075  1.40578100 
 0.52535704  0.17491251  0.98054560  1.39747913 
 0.52412413  0.17482676  0.97863567  1.39402853 
 0.53406460  0.17555312  0.99398456  1.42188522 
 0.56346445  0.17772364  1.03911735  1.50461101 
 0.53286295  0.17532467  0.99159668  1.41835260 
 0.34326727  0.15842998  0.66089070  0.89276743 
 0.16163386  0.13759072  0.23450509  0.40786788 
 0.10829559  0.12769612  0.04016689  0.27084199 
 0.10095577  0.12536441  0.00474414  0.25239083 
 0.10010614  0.12504135  0.00053047  0.25026537 
 0.10001175  0.12500459  0.00005881  0.25002939 
 0.10000130  0.12500051  0.00000651  0.25000326 
 0.10000014  0.12500006  0.00000072  0.25000036 
 0.10000002  0.12500001  0.00000008  0.25000004 
 0.10000000  0.12500000  0.00000001  0.25000000 
 0.10000000  0.12500000  0.00000000  0.25000000 
 0.10000000  0.12500000  0.00000000  0.25000000 
 0.10000000  0.12500000  0.00000000  0.25000000 
 0.10000000  0.12500000  0.00000000  0.25000000 
 0.10000000  0.12500000  0.00000000  0.25000000 
 0.10000000  0.12500000  0.00000000  0.25000000 
 0.10000000  0.12500000  0.00000000  0.25000000 
 0.10000000  0.12500000  0.00000000  0.25000000 
 0.10000000  0.12500000  0.00000000  0.25000000 
 0.10000000  0.12500000  0.00000000  0.25000000 
 0.10000000  0.12500000  0.00000000  0.25000000 
 0.10000000  0.12500000  0.00000000  0.25000000 
 0.10000000  0.12500000  0.00000000  0.25000000 
 0.10000000  0.12500000  0.00000000  0.25000000 
 0.10000000  0.12500000  0.00000000  0.25000000 
 0.10000000  0.12500000  0.00000000  0.25000000 
 0.10000000  0.12500000  0.00000000  0.25000000 
 0.10000000  0.12500000  0.00000000  0.25000000 
 0.10000000  0.12500000  0.00000000  0.25000000 
 0.10000000  0.12500000  0.00000000  0.25000000 
 0.10000000  0.12500000  0.00000000  0.25000000 
 0.10000000  0.12500000  0.00000000  0.25000000 
 0.10000000  0.12500000  0.00000000  0.25000000 
 0.10000000  0.12500000  0.00000000  0.25000000 
 0.10000000  0.12500000  0.00000000  0.25000000 
 0.10000000  0.12500000  0.00000000  0.25000000 
 0.10000000  0.12500000  0.00000000  0.25000000 
 0.10000000  0.12500000  0.00000000  0.25000000 
 0.10000000  0.12500000  0.00000000  0.25000000 
 0.10000000  0.12500000  0.00000000  0.25000000 
 0.10000000  0.12500000  0.00000000  0.25000000 
 0.10000000  0.12500000  0.00000000  0.25000000 
 0.10000000  0.12500000  0.00000000  0.25000000 
 0.10000000  0.12500000  0.00000000  0.25000000 
 0.10000000  0.12500000  0.00000000  0.25000000 
 0.10000000  0.12500000  0.00000000  0.25000000 
 0.10000000  0.12500000  0.00000000  0.25000000 
 0.10000000  0.12500000  0.00000000  0.25000000 
 0.10000000  0.12500000  0.00000000  0.25000000 
 0.10000000  0.12500000  0.00000000  0.25000000 
 0.10000000  0.12500000  0.00000000  0.25000000 
 0.10000000  0.12500000  0.00000000  0.25000000 
 0.10000000  0.12500000  0.00000000  0.25000000 
 0.10000000  0.12500000  0.00000000  0.25000000 
 0.10000000  0.12500000  0.00000000  0.25000000 
 0.10000000  0.12500000  0.00000000  0.25000000 
 0.10000000  0.12500000  0.00000000  0.25000000 
 0.10000000  0.12500000  0.00000000  0.25000000 
 0.10000000  0.12500000  0.00000000  0.25000000 
 0.10000000  0.12500000  0.00000000  0.25000000 
 0.10000000  0.12500000  0.00000000  0.25000000 
 0.10000000  0.12500000  0.00000000  0.25000000 
 0.10000000  0.12500000  0.00000000  0.25000000 
 0.10000000  0.12500000  0.00000000  0.25000000 
 0.10000000  0.12500000  0.00000000  0.25000000 
 0.10000000  0.12500000  0.00000000  0.25000000 
 0.10000000  0.12500000  0.00000000  0.25000000 
 0.10000000  0.12500000  0.00000000  0.25000000 
 0.10000000  0.12500000  0.00000000  0.25000000 
 0.10000000  0.12500000  0.00000000  0.25000000 
 0.10000000  0.12500000  0.00000000  0.25000000 
 0.10000000  0.12500000  0.00000000  0.25000000 
 0.10000000  0.12500000  0.00000000  0.25000000 
 0.10000000  0.12500000  0.00000000  0.25000000 
 0.10000000  0.12500000  0.00000000  0.25000000 
 0.10000000  0.12500000  0.00000000  0.25000000 
 0.10000000  0.12500000  0.00000000  0.25000000 
 0.10000000  0.12500000  0.00000000  0.25000000 
 0.10000000  0.12500000  0.00000000  0.25000000 
 0.10000000  0.12500000  0.00000000  0.25000000 
 0.10000000  0.12500000  0.00000000  0.25000000 
 0.10000000  0.12500000  0.00000000  0.25000000 
 0.10000000  0.12500000  0.00000000  0.25000000 
 0.10000000  0.12500000  0.00000000  0.25000000 
 0.10000000  0.12500000  0.00000000  0.25000000 
 0.10000000  0.12500000  0.00000000  0.25000000 
 0.10000000  0.12500000  0.00000000  0.25000000 
 0.10000000  0.12500000  0.00000000  0.25000000 
 0.10000000  0.12500000  0.00000000  0.25000000 
 0.10000000  0.12500000  0.00000000  0.25000000 
 0.10000000  0.12500000  0.00000000  0.25000000 
 0.10000000  0.12500000  0.00000000  0.25000000 
 0.10000000  0.12500000  0.00000000  0.25000000 
 0.10000000  0.12500000  0.00000000  0.25000000 
 0.10000000  0.12500000  0.00000000  0.25000000 
 0.10000000  0.12500000  0.00000000  0.25000000 
 0.10000000  0.12500000  0.00000000  0.25000000 
 0.10000000  0.12500000  0.00000000  0.25000000 
 0.10000000  0.12500000  0.00000000  0.25000000 
 0.10000000  0.12500000  0.00000000  0.25000000 
 0.10000000  0.12500000  0.00000000  0.25000000 
 0.10000000  0.12500000  0.00000000  0.25000000 
 0.10000000  0.12500000  0.00000000  0.25000000 
 0.10000000  0.12500000  0.00000000  0.25000000 
 0.10000000  0.12500000  0.00000000  0.25000000 
 0.10000000  0.12500000  0.00000000  0.25000000 
 0.10000000  0.12500000  0.00000000  0.25000000 
 0.10000000  0.12500000  0.00000000  0.25000000 
 0.10000000  0.12500000  0.00000000  0.25000000 
 0.10000000  0.12500000  0.00000000  0.25000000 
 0.10000000  0.12500000  0.00000000  0.25000000 
 0.10000000  0.12500000  0.00000000  0.25000000 
 0.10000000  0.12500000  0.00000000  0.25000000 
 0.10000000  0.12500000  0.00000000  0.25000000 
 0.10000000  0.12500000  0.00000000  0.25000000 
 0.10000000  0.12500000  0.00000000  0.25000000 
 0.10000000  0.12500000  0.00000000  0.25000000 
 0.10000000  0.12500000  0.00000000  0.25000000 
 0.10000000  0.12500000  0.00000000  0.25000000 
 0.10000000  0.12500000  0.00000000  0.25000000 
 0.10000000  0.12500000  0.00000000  0.25000000 
 0.10000000  0.12500000  0.00000000  0.25000000 
 0.10000000  0.12500000  0.00000000  0.25000000 
 0.10000000  0.12500000  0.00000000  0.25000000 
 0.10000000  0.12500000  0.00000000  0.25000000 
 0.10000000  0.12500000  0.00000000  0.25000000 
 0.10000000  0.12500000  0.00000000  0.25000000 
 0.10000000  0.12500000  0.00000000  0.25000000 
 0.10000000  0.12500000  0.00000000  0.25000000 
 0.10000000  0.12500000  0.00000000  0.25000000 
 0.10000000  0.12500000  0.00000000  0.25000000 
 0.10000000  0.12500000  0.00000000  0.25000000 
 0.10000000  0.12500000  0.00000000  0.25000000 
 0.10000000  0.12500000  0.00000000  0.25000000 
 0.10000000  0.12500000  0.00000000  0.25000000 
 0.10000000  0.12500000  0.00000000  0.25000000 
 0.10000000  0.12500000  0.00000000  0.25000000 
 0.10000000  0.12500000  0.00000000  0.25000000 
 0.10000000  0.12500000  0.00000000  0.25000000 
 0.10000000  0.12500000  0.00000000  0.25000000 
 0.10000000  0.12500000  0.00000000  0.25000000 
 0.10000000  0.12500000  0.00000000  0.25000000 
 0.10000000  0.12500000  0.00000000  0.25000000 
 0.10000000  0.12500000  0.00000000  0.25000000 
 0.10000000  0.12500000  0.00000000  0.25000000 
 0.10000000  0.12500000  0.00000000  0.25000000 
 0.10000000  0.12500000  0.00000000  0.25000000 
 0.10000000  0.12500000  0.00000000  0.25000000 
 0.10000000  0.12500000  0.00000000  0.25000000 
 0.10000000  0.12500000  0.00000000  0.25000000 
 0.10000000  0.12500000  0.00000000  0.25000000 
 0.10000000  0.12500000  0.00000000  0.25000000 
 0.10000000  0.12500000  0.00000000  0.25000000 
 0.10000000  0.12500000  0.00000000  0.25000000 
 0.10000000  0.12500000  0.00000000  0.25000000 
 0.10000000  0.12500000  0.00000000  0.25000000 
 0.10000000  0.12500000  0.00000000  0.25000000 
 0.10000000  0.12500000  0.00000000  0.25000000 
 0.10000000  0.12500000  0.00000000  0.25000000 
 0.10000000  0.12500000  0.00000000  0.25000000 
 0.10000000  0.12500000  0.00000000  0.25000000 
 0.10000000  0.12500000  0.00000000  0.25000000 
 0.10000000  0.12500000  0.00000000  0.25000000 
 0.10000000  0.12500000  0.00000000  0.25000000 
 0.10000000  0.12500000  0.00000000  0.25000000 
 0.10000000  0.12500000  0.00000000  0.25000000 
 0.10000000  0.12500000  0.00000000  0.25000000 
 0.10000000  0.12500000  0.00000000  0.25000000 
 0.10000000  0.12500000  0.00000000  0.25000000 
 0.10000000  0.12500000  0.00000000  0.25000000 
 0.10000000  0.12500000  0.00000000  0.25000000 
 0.10000000  0.12500000  0.00000000  0.25000000 
 0.10000000  0.12500000  0.00000000  0.25000000 
 0.10000000  0.12500000  0.00000000  0.25000000 
 0.10000000  0.12500000  0.00000000  0.25000000 
 0.10000000  0.12500000  0.00000000  0.25000000 
 0.10000000  0.12500000  0.00000000  0.25000000 
 0.10000000  0.12500000  0.00000000  0.25000000 
 0.10000000  0.12500000  0.00000000  0.25000000 
 0.10000000  0.12500000  0.00000000  0.25000000 
 0.10000000  0.12500000  0.00000000  0.25000000 
 0.10000000  0.12500000  0.00000000  0.25000000 
 0.10000000  0.12500000  0.00000000  0.25000000 
 0.10000000  0.12500000  0.00000000  0.25000000 
 0.10000000  0.12500000  0.00000000  0.25000000 
 0.10000000  0.12500000  0.00000000  0.25000000 
 0.10000000  0.12500000  0.00000000  0.25000000 
 0.10000000  0.12500000  0.00000000  0.25000000 
 0.10000000  0.12500000  0.00000000  0.25000000 
 0.10000000  0.12500000  0.00000000  0.25000000 
 0.10000000  0.12500000  0.00000000  0.25000000 
 0.10000000  0.12500000  0.00000000  0.25000000 
 0.10000000  0.12500000  0.00000000  0.25000000 
 0.10000000  0.12500000  0.00000000  0.25000000 
 0.10000000  0.12500000  0.00000000  0.25000000 
 0.10000000  0.12500000  0.00000000  0.25000000 
 0.10000000  0.12500000  0.00000000  0.25000000 
 0.10000000  0.12500000  0.00000000  0.25000000 
 0.10000000  0.12500000  0.00000000  0.25000000 
 0.10000000  0.12500000  0.00000000  0.25000000 
 0.10000000  0.12500000  0.00000000  0.25000000 
 0.10000000  0.12500000  0.00000000  0.25000000 
 0.10000000  0.12500000  0.00000000  0.25000000 
 0.10000000  0.12500000  0.00000000  0.25000000 
 0.10000000  0.12500000  0.00000000  0.25000000 
 0.10000000  0.12500000  0.00000000  0.25000000 
 0.10000000  0.12500000  0.00000000  0.25000000 
 0.10000000  0.12500000  0.00000000  0.25000000 
 0.10000000  0.12500000  0.00000000  0.25000000 
 0.10000000  0.12500000  0.00000000  0.25000000 
 0.10000000  0.12500000  0.00000000  0.25000000 
 0.10000000  0.12500000  0.00000000  0.25000000 
 0.10000000  0.12500000  0.00000000  0.25000000 
 0.10000000  0.12500000  0.00000000  0.25000000 
 0.10000000  0.12500000  0.00000000  0.25000000 
 0.10000000  0.12500000  0.00000000  0.25000000 
 0.10000000  0.12500000  0.00000000  0.25000000 
 0.10000000  0.12500000  0.00000000  0.25000000 
 0.10000000  0.12500000  0.00000000  0.25000000 
 0.10000000  0.12500000  0.00000000  0.25000000 
 0.10000000  0.12500000  0.00000000  0.25000000 
 0.10000000  0.12500000  0.00000000  0.25000000 
 0.10000000  0.12500000  0.00000000  0.25000000 
 0.10000000  0.12500000  0.00000000  0.25000000 
 0.10000000  0.12500000  0.00000000  0.25000000 
 0.10000000  0.12500000  0.00000000  0.25000000 
 0.10000000  0.12500000  0.00000000  0.25000000 
 0.10000000  0.12500000  0.00000000  0.25000000 
 0.10000000  0.12500000  0.00000000  0.25000000 
 0.10000000  0.12500000  0.00000000  0.25000000 
 0.10000000  0.12500000  0.00000000  0.25000000 
 0.10000000  0.12500000  0.00000000  0.25000000 
 0.10000000  0.12500000  0.00000000  0.25000000 
 0.10000000  0.12500000  0.00000000  0.25000000 
 0.10000000  0.12500000  0.00000000  0.25000000 
 0.10000000  0.12500000  0.00000000  0.25000000 
 0.10000000  0.12500000  0.00000000  0.25000000 
 0.10000000  0.12500000  0.00000000  0.25000000 
 0.10000000  0.12500000  0.00000000  0.25000000 
 0.10000000  0.12500000  0.00000000  0.25000000 
 0.10000000  0.12500000  0.00000000  0.25000000 
 0.10000000  0.12500000  0.00000000  0.25000000 
 0.10000000  0.12500000  0.00000000  0.25000000 
 0.10000000  0.12500000  0.00000000  0.25000000 
 0.10000000  0.12500000  0.00000000  0.25000000 
 0.10000000  0.12500000  0.00000000  0.25000000 
 0.10000000  0.12500000  0.00000000  0.25000000 
 0.10000000  0.12500000  0.00000000  0.25000000 
 0.10000000  0.12500000  0.00000000  0.25000000 
 0.10000000  0.12500000  0.00000000  0.25000000 
 0.10000000  0.12500000  0.00000000  0.25000000 
 0.10000000  0.12500000  0.00000000  0.25000000 
 0.10000000  0.12500000  0.00000000  0.25000000 
 0.10000000  0.12500000  0.00000000  0.25000000 
 0.10000000  0.12500000  0.00000000  0.25000000 
 0.10000000  0.12500000  0.00000000  0.25000000 
 0.10000000  0.12500000  0.00000000  0.25000000 
 0.10000000  0.12500000  0.00000000  0.25000000 
 0.10000000  0.12500000  0.00000000  0.25000000 
 0.10000000  0.12500000  0.00000000  0.25000000 
 0.10000000  0.12500000  0.00000000  0.25000000 
 0.10000000  0.12500000  0.00000000  0.25000000 
 0.10000000  0.12500000  0.00000000  0.25000000 
 0.10000000  0.12500000  0.00000000  0.25000000 
 0.10000000  0.12500000  0.00000000  0.25000000 
 0.10000000  0.12500000  0.00000000  0.25000000 
 0.10000000  0.12500000  0.00000000  0.25000000 
 0.10000000  0.12500000  0.00000000  0.25000000 
 0.10000000  0.12500000  0.00000000  0.25000000 
 0.10000000  0.12500000  0.00000000  0.25000000 
 0.10000000  0.12500000  0.00000000  0.25000000 
 0.10000000  0.12500000  0.00000000  0.25000000 
 0.10000000  0.12500000  0.00000000  0.25000000 
 0.10000000  0.12500000  0.00000000  0.25000000 
 0.10000000  0.12500000  0.00000000  0.25000000 
 0.10000000  0.12500000  0.00000000  0.25000000 
 0.10000000  0.12500000  0.00000000  0.25000000 
 0.10000000  0.12500000  0.00000000  0.25000000 
 0.10000000  0.12500000  0.00000000  0.25000000 
 0.10000000  0.12500000  0.00000000  0.25000000 
 0.10000000  0.12500000  0.00000000  0.25000000 
 0.10000000  0.12500000  0.00000000  0.25000000 
 0.10000000  0.12500000  0.00000000  0.25000000 
 0.10000000  0.12500000  0.00000000  0.25000000 
 0.10000000  0.12500000  0.00000000  0.25000000 
 0.10000000  0.12500000  0.00000000  0.25000000 
 0.10000000  0.12500000  0.00000000  0.25000000 
 0.10000000  0.12500000  0.00000000  0.25000000 
 0.10000000  0.12500000  0.00000000  0.25000000 
 0.10000000  0.12500000  0.00000000  0.25000000 
 0.10000000  0.12500000  0.00000000  0.25000000 
 0.10000000  0.12500000  0.00000000  0.25000000 
 0.10000000  0.12500000  0.00000000  0.25000000 
 0.10000000  0.12500000  0.00000000  0.25000000 
 0.10000000  0.12500000  0.00000000  0.25000000 
 0.10000000  0.12500000  0.00000000  0.25000000 
 0.10000000  0.12500000  0.00000000  0.25000000 
 0.10000000  0.12500000  0.00000000  0.25000000 
 0.10000000  0.12500000  0.00000000  0.25000000 
 0.10000000  0.12500000  0.00000000  0.25000000 
 0.10000000  0.12500000  0.00000000  0.25000000 
 0.10000000  0.12500000  0.00000000  0.25000000 
 0.10000000  0.12500000  0.00000000  0.25000000 
 0.10000000  0.12500000  0.00000000  0.25000000 
 0.10000000  0.12500000  0.00000000  0.25000000 
 0.10000000  0.12500000  0.00000000  0.25000000 
 0.10000000  0.12500000  0.00000000  0.25000000 
 0.10000000  0.12500000  0.00000000  0.25000000 
 0.10000000  0.12500000  0.00000000  0.25000000 
 0.10000000  0.12500000  0.00000000  0.25000000 
 0.10000000  0.12500000  0.00000000  0.25000000 
 0.10000000  0.12500000  0.00000000  0.25000000 
 0.10000000  0.12500000  0.00000000  0.25000000 
 0.10000000  0.12500000  0.00000000  0.25000000 
 0.10000000  0.12500000  0.00000000  0.25000000 
 0.10000000  0.12500000  0.00000000  0.25000000 
 0.10000000  0.12500000  0.00000000  0.25000000 
 0.10000000  0.12500000  0.00000000  0.25000000 
 0.10000000  0.12500000  0.00000000  0.25000000 
 0.10000000  0.12500000  0.00000000  0.25000000 
 0.10000000  0.12500000  0.00000000  0.25000000 
 0.10000000  0.12500000  0.00000000  0.25000000 
 0.10000000  0.12500000  0.00000000  0.25000000 
 0.10000000  0.12500000  0.00000000  0.25000000 
 0.10000000  0.12500000  0.00000000  0.25000000 
 0.10000000  0.12500000  0.00000000  0.25000000 
 0.10000000  0.12500000  0.00000000  0.25000000 
 0.10000000  0.12500000  0.00000000  0.25000000 
 0.10000000  0.12500000  0.00000000  0.25000000 
 0.10000000  0.12500000  0.00000000  0.25000000 
 0.10000000  0.12500000  0.00000000  0.25000000 
 0.10000000  0.12500000  0.00000000  0.25000000 
 0.10000000  0.12500000  0.00000000  0.25000000 
 0.10000000  0.12500000  0.00000000  0.25000000 
 0.10000000  0.12500000  0.00000000  0.25000000 
 0.10000000  0.12500000  0.00000000  0.25000000 
 0.10000000  0.12500000  0.00000000  0.25000000 
 0.10000000  0.12500000  0.00000000  0.25000000 
 0.10000000  0.12500000  0.00000000  0.25000000 
 0.10000000  0.12500000  0.00000000  0.25000000 
 0.10000000  0.12500000  0.00000000  0.25000000 
 0.10000000  0.12500000  0.00000000  0.25000000 
 0.10000000  0.12500000  0.00000000  0.25000000 
 0.10000000  0.12500000  0.00000000  0.25000000 
 0.10000000  0.12500000  0.00000000  0.25000000 
 0.10000000  0.12500000  0.00000000  0.25000000 
 0.10000000  0.12500000  0.00000000  0.25000000 
 0.10000000  0.12500000  0.00000000  0.25000000 
 0.10000000  0.12500000  0.00000000  0.25000000 
 0.10000000  0.12500000  0.00000000  0.25000000 
 0.10000000  0.12500000  0.00000000  0.25000000 
 0.10000000  0.12500000  0.00000000  0.25000000 
 0.10000000  0.12500000  0.00000000  0.25000000 
 0.10000000  0.12500000  0.00000000  0.25000000 
 0.10000000  0.12500000  0.00000000  0.25000000 
 0.10000000  0.12500000  0.00000000  0.25000000 
 0.10000000  0.12500000  0.00000000  0.25000000 
 0.10000000  0.12500000  0.00000000  0.25000000 
 0.10000000  0.12500000  0.00000000  0.25000000 
 0.10000000  0.12500000  0.00000000  0.25000000 
 0.10000000  0.12500000  0.00000000  0.25000000 
 0.10000000  0.12500000  0.00000000  0.25000000 
 0.10000000  0.12500000  0.00000000  0.25000000 
 0.10000000  0.12500000  0.00000000  0.25000000 
 0.10000000  0.12500000  0.00000000  0.25000000 
 0.10000000  0.12500000  0.00000000  0.25000000 
 0.10000000  0.12500000  0.00000000  0.25000000 
 0.10000000  0.12500000  0.00000000  0.25000000 
 0.10000000  0.12500000  0.00000000  0.25000000 
 0.10000000  0.12500000  0.00000000  0.25000000 
 0.10000000  0.12500000  0.00000000  0.25000000 
 0.10000000  0.12500000  0.00000000  0.25000000 
 0.10000000  0.12500000  0.00000000  0.25000000 
 0.10000000  0.12500000  0.00000000  0.25000000 
 0.10000000  0.12500000  0.00000000  0.25000000 
 0.10000000  0.12500000  0.00000000  0.25000000 
 0.10000000  0.12500000  0.00000000  0.25000000 
 0.10000000  0.12500000  0.00000000  0.25000000 
 0.10000000  0.12500000  0.00000000  0.25000000 
 0.10000000  0.12500000  0.00000000  0.25000000 
 0.10000000  0.12500000  0.00000000  0.25000000 
 0.10000000  0.12500000  0.00000000  0.25000000 
 0.10000000  0.12500000  0.00000000  0.25000000 
 0.10000000  0.12500000  0.00000000  0.25000000 
 0.10000000  0.12500000  0.00000000  0.25000000 
 0.10000000  0.12500000  0.00000000  0.25000000 
 0.10000000  0.12500000  0.00000000  0.25000000 
 0.10000000  0.12500000  0.00000000  0.25000000 
 0.10000000  0.12500000  0.00000000  0.25000000 
 0.10000000  0.12500000  0.00000000  0.25000000 
 0.10000000  0.12500000  0.00000000  0.25000000 
 0.10000000  0.12500000  0.00000000  0.25000000 
 0.10000000  0.12500000  0.00000000  0.25000000 
 0.10000000  0.12500000  0.00000000  0.25000000 
 0.10000000  0.12500000  0.00000000  0.25000000 
 0.10000000  0.12500000  0.00000000  0.25000000 
 0.10000000  0.12500000  0.00000000  0.25000000 
 0.10000000  0.12500000  0.00000000  0.25000000 
 0.10000000  0.12500000  0.00000000  0.25000000 
 0.10000000  0.12500000  0.00000000  0.25000000 
 0.10000000  0.12500000  0.00000000  0.25000000 
 0.10000000  0.12500000  0.00000000  0.25000000 
 0.10000000  0.12500000  0.00000000  0.25000000 
 0.10000000  0.12500000  0.00000000  0.25000000 
 0.10000000  0.12500000  0.00000000  0.25000000 
 0.10000000  0.12500000  0.00000000  0.25000000 
 0.10000000  0.12500000  0.00000000  0.25000000 
 0.10000000  0.12500000  0.00000000  0.25000000 
 0.10000000  0.12500000  0.00000000  0.25000000 
 0.10000000  0.12500000  0.00000000  0.25000000 
 0.10000000  0.12500000  0.00000000  0.25000000 
