Date & Time: 2018-12-04 12:53:00.683970
Euler test case, time = 0.5000
dx = 0.00398406374501992
dt = 0.0001
nSteps = 10000
[Pressure]   [Density]    [Velocity]    [Internal Energy]
 1.00000000  1.00000000  0.00000000  2.50000000 
 1.00000000  1.00000000  0.00000000  2.50000000 
 1.00000000  1.00000000  0.00000000  2.50000000 
 1.00000000  1.00000000  0.00000000  2.50000000 
 1.00000000  1.00000000  0.00000000  2.50000000 
 1.00000000  1.00000000  0.00000000  2.50000000 
 1.00000000  1.00000000  0.00000000  2.50000000 
 1.00000000  1.00000000  0.00000000  2.50000000 
 1.00000000  1.00000000  0.00000000  2.50000000 
 1.00000000  1.00000000  0.00000000  2.50000000 
 1.00000000  1.00000000  0.00000000  2.50000000 
 1.00000000  1.00000000  0.00000000  2.50000000 
 1.00000000  1.00000000  0.00000000  2.50000000 
 1.00000000  1.00000000  0.00000000  2.50000000 
 1.00000000  1.00000000  0.00000000  2.50000000 
 1.00000000  1.00000000  0.00000000  2.50000000 
 1.00000000  1.00000000  0.00000000  2.50000000 
 1.00000000  1.00000000  0.00000000  2.50000000 
 1.00000000  1.00000000  0.00000000  2.50000000 
 1.00000000  1.00000000  0.00000000  2.50000000 
 1.00000000  1.00000000  0.00000000  2.50000000 
 1.00000000  1.00000000  0.00000000  2.50000000 
 1.00000000  1.00000000  0.00000000  2.50000000 
 1.00000000  1.00000000  0.00000000  2.50000000 
 1.00000000  1.00000000  0.00000000  2.50000000 
 1.00000000  1.00000000  0.00000000  2.50000000 
 1.00000000  1.00000000  0.00000000  2.50000000 
 1.00000000  1.00000000  0.00000000  2.50000000 
 1.00000000  1.00000000  0.00000000  2.50000000 
 1.00000000  1.00000000  0.00000000  2.50000000 
 1.00000000  1.00000000  0.00000000  2.50000000 
 1.00000000  1.00000000  0.00000000  2.50000000 
 1.00000000  1.00000000  0.00000000  2.50000000 
 1.00000000  1.00000000  0.00000000  2.50000000 
 1.00000000  1.00000000  0.00000000  2.50000000 
 1.00000000  1.00000000  0.00000000  2.50000000 
 1.00000000  1.00000000  0.00000000  2.50000000 
 1.00000000  1.00000000  0.00000000  2.50000000 
 1.00000000  1.00000000  0.00000000  2.50000000 
 1.00000000  1.00000000  0.00000000  2.50000000 
 1.00000000  1.00000000  0.00000000  2.50000000 
 1.00000000  1.00000000  0.00000000  2.50000000 
 1.00000000  1.00000000  0.00000000  2.50000000 
 1.00000000  1.00000000  0.00000000  2.50000000 
 1.00000000  1.00000000  0.00000000  2.50000000 
 1.00000000  1.00000000  0.00000000  2.50000000 
 1.00000000  1.00000000  0.00000000  2.50000000 
 1.00000000  1.00000000  0.00000000  2.50000000 
 1.00000000  1.00000000  0.00000000  2.50000000 
 1.00000000  1.00000000  0.00000000  2.50000000 
 1.00000000  1.00000000  0.00000000  2.50000000 
 1.00000000  1.00000000  0.00000000  2.50000000 
 1.00000000  1.00000000  0.00000000  2.50000000 
 1.00000000  1.00000000  0.00000000  2.50000000 
 1.00000000  1.00000000  0.00000000  2.50000000 
 1.00000000  1.00000000  0.00000000  2.50000000 
 1.00000000  1.00000000  0.00000000  2.50000000 
 1.00000000  1.00000000  0.00000000  2.50000000 
 1.00000000  1.00000000  0.00000000  2.50000000 
 1.00000000  1.00000000  0.00000000  2.50000000 
 1.00000000  1.00000000  0.00000000  2.50000000 
 1.00000000  1.00000000  0.00000000  2.50000000 
 1.00000000  1.00000000  0.00000000  2.50000000 
 1.00000000  1.00000000  0.00000000  2.50000000 
 1.00000000  1.00000000  0.00000000  2.50000000 
 1.00000000  1.00000000  0.00000000  2.50000000 
 1.00000000  1.00000000  0.00000000  2.50000000 
 1.00000000  1.00000000  0.00000000  2.50000000 
 1.00000000  1.00000000  0.00000000  2.50000000 
 1.00000000  1.00000000  0.00000000  2.50000000 
 1.00000000  1.00000000  0.00000000  2.50000000 
 1.00000000  1.00000000  0.00000000  2.50000000 
 1.00000000  1.00000000  0.00000000  2.50000000 
 1.00000000  1.00000000  0.00000000  2.50000000 
 1.00000000  1.00000000  0.00000000  2.50000000 
 1.00000000  1.00000000  0.00000000  2.50000000 
 1.00000000  1.00000000  0.00000000  2.50000000 
 1.00000000  1.00000000  0.00000000  2.50000000 
 1.00000000  1.00000000  0.00000000  2.50000000 
 1.00000000  1.00000000  0.00000000  2.50000000 
 1.00000000  1.00000000  0.00000000  2.50000000 
 1.00000000  1.00000000  0.00000000  2.50000000 
 1.00000000  1.00000000  0.00000000  2.50000000 
 1.00000000  1.00000000  0.00000000  2.50000000 
 1.00000000  1.00000000  0.00000000  2.50000000 
 1.00000000  1.00000000  0.00000000  2.50000000 
 1.00000000  1.00000000  0.00000000  2.50000000 
 1.00000000  1.00000000  0.00000000  2.50000000 
 1.00000000  1.00000000  0.00000000  2.50000000 
 1.00000000  1.00000000  0.00000000  2.50000000 
 1.00000000  1.00000000  0.00000000  2.50000000 
 1.00000000  1.00000000  0.00000000  2.50000000 
 1.00000000  1.00000000  0.00000000  2.50000000 
 1.00000000  1.00000000  0.00000000  2.50000000 
 1.00000000  1.00000000  0.00000000  2.50000000 
 1.00000000  1.00000000  0.00000000  2.50000000 
 1.00000000  1.00000000  0.00000000  2.50000000 
 1.00000000  1.00000000  0.00000000  2.50000000 
 1.00000000  1.00000000  0.00000000  2.50000000 
 1.00000000  1.00000000  0.00000000  2.50000000 
 1.00000000  1.00000000  0.00000000  2.50000000 
 1.00000000  1.00000000  0.00000000  2.50000000 
 1.00000000  1.00000000  0.00000000  2.50000000 
 1.00000000  1.00000000  0.00000000  2.50000000 
 1.00000000  1.00000000  0.00000000  2.50000000 
 1.00000000  1.00000000  0.00000000  2.50000000 
 1.00000000  1.00000000  0.00000000  2.50000000 
 1.00000000  1.00000000  0.00000000  2.50000000 
 1.00000000  1.00000000  0.00000000  2.50000000 
 1.00000000  1.00000000  0.00000000  2.50000000 
 1.00000000  1.00000000  0.00000000  2.50000000 
 1.00000000  1.00000000  0.00000000  2.50000000 
 1.00000000  1.00000000  0.00000000  2.50000000 
 1.00000000  1.00000000  0.00000000  2.50000000 
 1.00000000  1.00000000  0.00000000  2.50000000 
 1.00000000  1.00000000  0.00000000  2.50000000 
 1.00000000  1.00000000  0.00000000  2.50000000 
 1.00000000  1.00000000  0.00000000  2.50000000 
 1.00000000  1.00000000  0.00000000  2.50000000 
 1.00000000  1.00000000  0.00000000  2.50000000 
 1.00000000  1.00000000  0.00000000  2.50000000 
 1.00000000  1.00000000  0.00000000  2.50000000 
 1.00000000  1.00000000  0.00000000  2.50000000 
 1.00000000  1.00000000  0.00000000  2.50000000 
 1.00000000  1.00000000  0.00000000  2.50000000 
 0.30313018  0.42631943  0.92745262  0.94117869 
 0.30313018  0.42631943  0.92745262  0.94117869 
 0.30313018  0.42631943  0.92745262  0.94117869 
 0.30313018  0.42631943  0.92745262  0.94117869 
 0.30313018  0.42631943  0.92745262  0.94117869 
 0.30313018  0.42631943  0.92745262  0.94117869 
 0.30313018  0.42631943  0.92745262  0.94117869 
 0.30313018  0.42631943  0.92745262  0.94117869 
 0.30313018  0.42631943  0.92745262  0.94117869 
 0.30313018  0.26557371  0.92745262  0.87204450 
 0.30313018  0.26557371  0.92745262  0.87204450 
 0.30313018  0.26557371  0.92745262  0.87204450 
 0.30313018  0.26557371  0.92745262  0.87204450 
 0.30313018  0.26557371  0.92745262  0.87204450 
 0.30313018  0.26557371  0.92745262  0.87204450 
 0.30313018  0.26557371  0.92745262  0.87204450 
 0.30313018  0.26557371  0.92745262  0.87204450 
 0.30313018  0.26557371  0.92745262  0.87204450 
 0.30313018  0.26557371  0.92745262  0.87204450 
 0.30313018  0.26557371  0.92745262  0.87204450 
 0.30313018  0.26557371  0.92745262  0.87204450 
 0.30313018  0.26557371  0.92745262  0.87204450 
 0.30313018  0.26557371  0.92745262  0.87204450 
 0.30313018  0.26557371  0.92745262  0.87204450 
 0.30313018  0.26557371  0.92745262  0.87204450 
 0.30313018  0.26557371  0.92745262  0.87204450 
 0.30313018  0.26557371  0.92745262  0.87204450 
 0.30313018  0.26557371  0.92745262  0.87204450 
 0.30313018  0.26557371  0.92745262  0.87204450 
 0.30313018  0.26557371  0.92745262  0.87204450 
 0.30313018  0.26557371  0.92745262  0.87204450 
 0.30313018  0.26557371  0.92745262  0.87204450 
 0.30313018  0.26557371  0.92745262  0.87204450 
 0.30313018  0.26557371  0.92745262  0.87204450 
 0.30313018  0.26557371  0.92745262  0.87204450 
 0.30313018  0.26557371  0.92745262  0.87204450 
 0.30313018  0.26557371  0.92745262  0.87204450 
 0.30313018  0.26557371  0.92745262  0.87204450 
 0.30313018  0.26557371  0.92745262  0.87204450 
 0.30313018  0.26557371  0.92745262  0.87204450 
 0.30313018  0.26557371  0.92745262  0.87204450 
 0.30313018  0.26557371  0.92745262  0.87204450 
 0.30313018  0.26557371  0.92745262  0.87204450 
 0.30313018  0.26557371  0.92745262  0.87204450 
 0.30313018  0.26557371  0.92745262  0.87204450 
 0.30313018  0.26557371  0.92745262  0.87204450 
 0.30313018  0.26557371  0.92745262  0.87204450 
 0.30313018  0.26557371  0.92745262  0.87204450 
 0.30313018  0.26557371  0.92745262  0.87204450 
 0.30313018  0.26557371  0.92745262  0.87204450 
 0.30313018  0.26557371  0.92745262  0.87204450 
 0.30313018  0.26557371  0.92745262  0.87204450 
 0.30313018  0.26557371  0.92745262  0.87204450 
 0.30313018  0.26557371  0.92745262  0.87204450 
 0.30313018  0.26557371  0.92745262  0.87204450 
 0.30313018  0.26557371  0.92745262  0.87204450 
 0.30313018  0.26557371  0.92745262  0.87204450 
 0.30313018  0.26557371  0.92745262  0.87204450 
 0.30313018  0.26557371  0.92745262  0.87204450 
 0.30313018  0.26557371  0.92745262  0.87204450 
 0.30313018  0.26557371  0.92745262  0.87204450 
 0.30313018  0.26557371  0.92745262  0.87204450 
 0.30313018  0.26557371  0.92745262  0.87204450 
 0.30313018  0.26557371  0.92745262  0.87204450 
 0.30313018  0.26557371  0.92745262  0.87204450 
 0.30313018  0.26557371  0.92745262  0.87204450 
 0.30313018  0.26557371  0.92745262  0.87204450 
 0.30313018  0.26557371  0.92745262  0.87204450 
 0.30313018  0.26557371  0.92745262  0.87204450 
 0.30313018  0.26557371  0.92745262  0.87204450 
 0.30313018  0.26557371  0.92745262  0.87204450 
 0.30313018  0.26557371  0.92745262  0.87204450 
 0.30313018  0.26557371  0.92745262  0.87204450 
 0.30313018  0.26557371  0.92745262  0.87204450 
 0.30313018  0.26557371  0.92745262  0.87204450 
 0.30313018  0.26557371  0.92745262  0.87204450 
 0.30313018  0.26557371  0.92745262  0.87204450 
 0.30313018  0.26557371  0.92745262  0.87204450 
 0.30313018  0.26557371  0.92745262  0.87204450 
 0.30313018  0.26557371  0.92745262  0.87204450 
 0.30313018  0.26557371  0.92745262  0.87204450 
 0.30313018  0.26557371  0.92745262  0.87204450 
 0.30313018  0.26557371  0.92745262  0.87204450 
 0.30313018  0.26557371  0.92745262  0.87204450 
 0.30313018  0.26557371  0.92745262  0.87204450 
 0.30313018  0.26557371  0.92745262  0.87204450 
 0.30313018  0.26557371  0.92745262  0.87204450 
 0.30313018  0.26557371  0.92745262  0.87204450 
 0.30313018  0.26557371  0.92745262  0.87204450 
 0.30313018  0.26557371  0.92745262  0.87204450 
 0.30313018  0.26557371  0.92745262  0.87204450 
 0.30313018  0.26557371  0.92745262  0.87204450 
 0.30313018  0.26557371  0.92745262  0.87204450 
 0.30313018  0.26557371  0.92745262  0.87204450 
 0.30313018  0.26557371  0.92745262  0.87204450 
 0.30313018  0.26557371  0.92745262  0.87204450 
 0.30313018  0.26557371  0.92745262  0.87204450 
 0.30313018  0.26557371  0.92745262  0.87204450 
 0.30313018  0.26557371  0.92745262  0.87204450 
 0.30313018  0.26557371  0.92745262  0.87204450 
 0.30313018  0.26557371  0.92745262  0.87204450 
 0.30313018  0.26557371  0.92745262  0.87204450 
 0.30313018  0.26557371  0.92745262  0.87204450 
 0.30313018  0.26557371  0.92745262  0.87204450 
 0.30313018  0.26557371  0.92745262  0.87204450 
 0.30313018  0.26557371  0.92745262  0.87204450 
 0.30313018  0.26557371  0.92745262  0.87204450 
 0.30313018  0.26557371  0.92745262  0.87204450 
 0.30313018  0.26557371  0.92745262  0.87204450 
 0.30313018  0.26557371  0.92745262  0.87204450 
 0.30313018  0.26557371  0.92745262  0.87204450 
 0.30313018  0.26557371  0.92745262  0.87204450 
 0.30313018  0.26557371  0.92745262  0.87204450 
 0.30313018  0.26557371  0.92745262  0.87204450 
 0.30313018  0.26557371  0.92745262  0.87204450 
 0.30313018  0.26557371  0.92745262  0.87204450 
 0.10000000  0.12500000  0.00000000  0.25000000 
 0.10000000  0.12500000  0.00000000  0.25000000 
 0.10000000  0.12500000  0.00000000  0.25000000 
 0.10000000  0.12500000  0.00000000  0.25000000 
 0.10000000  0.12500000  0.00000000  0.25000000 
 0.10000000  0.12500000  0.00000000  0.25000000 
 0.10000000  0.12500000  0.00000000  0.25000000 
 0.10000000  0.12500000  0.00000000  0.25000000 
 0.10000000  0.12500000  0.00000000  0.25000000 
 0.10000000  0.12500000  0.00000000  0.25000000 
