Date & Time: 2018-12-04 12:55:19.658228
Euler test case, time = 0.7000
dx = 0.00398406374501992
dt = 0.0001
nSteps = 10000
[Pressure]   [Density]    [Velocity]    [Internal Energy]
 1.00000000  1.00000000  0.00000000  2.50000000 
 1.00000000  1.00000000  0.00000000  2.50000000 
 1.00000000  1.00000000  0.00000000  2.50000000 
 1.00000000  1.00000000  0.00000000  2.50000000 
 1.00000000  1.00000000  0.00000000  2.50000000 
 1.00000000  1.00000000  0.00000000  2.50000000 
 1.00000000  1.00000000  0.00000000  2.50000000 
 1.00000000  1.00000000  0.00000000  2.50000000 
 1.00000000  1.00000000  0.00000000  2.50000000 
 1.00000000  1.00000000  0.00000000  2.50000000 
 1.00000000  1.00000000  0.00000000  2.50000000 
 1.00000000  1.00000000  0.00000000  2.50000000 
 1.00000000  1.00000000  0.00000000  2.50000000 
 1.00000000  1.00000000  0.00000000  2.50000000 
 1.00000000  1.00000000  0.00000000  2.50000000 
 1.00000000  1.00000000  0.00000000  2.50000000 
 1.00000000  1.00000000  0.00000000  2.50000000 
 1.00000000  1.00000000  0.00000000  2.50000000 
 1.00000000  1.00000000  0.00000000  2.50000000 
 1.00000000  1.00000000  0.00000000  2.50000000 
 1.00000000  1.00000000  0.00000000  2.50000000 
 1.00000000  1.00000000  0.00000000  2.50000000 
 1.00000000  1.00000000  0.00000000  2.50000000 
 1.00000000  1.00000000  0.00000000  2.50000000 
 1.00000000  1.00000000  0.00000000  2.50000000 
 1.00000000  1.00000000  0.00000000  2.50000000 
 1.00000000  1.00000000  0.00000000  2.50000000 
 1.00000000  1.00000000  0.00000000  2.50000000 
 1.00000000  1.00000000  0.00000000  2.50000000 
 1.00000000  1.00000000  0.00000000  2.50000000 
 1.00000000  1.00000000  0.00000000  2.50000000 
 1.00000000  1.00000000  0.00000000  2.50000000 
 1.00000000  1.00000000  0.00000000  2.50000000 
 1.00000000  1.00000000  0.00000000  2.50000000 
 1.00000000  1.00000000  0.00000000  2.50000000 
 1.00000000  1.00000000  0.00000000  2.50000000 
 1.00000000  1.00000000  0.00000000  2.50000000 
 1.00000000  1.00000000  0.00000000  2.50000000 
 1.00000000  1.00000000  0.00000000  2.50000000 
 1.00000000  1.00000000  0.00000000  2.50000000 
 1.00000000  1.00000000  0.00000000  2.50000000 
 1.00000000  1.00000000  0.00000000  2.50000000 
 1.00000000  1.00000000  0.00000000  2.50000000 
 1.00000000  1.00000000  0.00000000  2.50000000 
 1.00000000  1.00000000  0.00000000  2.50000000 
 1.00000000  1.00000000  0.00000000  2.50000000 
 1.00000000  1.00000000  0.00000000  2.50000000 
 1.00000000  1.00000000  0.00000000  2.50000000 
 1.00000000  1.00000000  0.00000000  2.50000000 
 1.00000000  1.00000000  0.00000000  2.50000000 
 1.00000000  1.00000000  0.00000000  2.50000000 
 1.00000000  1.00000000  0.00000000  2.50000000 
 1.00000000  1.00000000  0.00000000  2.50000000 
 1.00000000  1.00000000  0.00000000  2.50000000 
 1.00000000  1.00000000  0.00000000  2.50000000 
 1.00000000  1.00000000  0.00000000  2.50000000 
 1.00000000  1.00000000  0.00000000  2.50000000 
 1.00000000  1.00000000  0.00000000  2.50000000 
 1.00000000  1.00000000  0.00000000  2.50000000 
 1.00000000  1.00000000  0.00000000  2.50000000 
 1.00000000  1.00000000  0.00000000  2.50000000 
 1.00000000  1.00000000  0.00000000  2.50000000 
 1.00000000  1.00000000  0.00000000  2.50000000 
 1.00000000  1.00000000  0.00000000  2.50000000 
 1.00000000  1.00000000  0.00000000  2.50000000 
 1.00000000  1.00000000  0.00000000  2.50000000 
 1.00000000  1.00000000  0.00000000  2.50000000 
 1.00000000  1.00000000  0.00000000  2.50000000 
 1.00000000  1.00000000  0.00000000  2.50000000 
 1.00000000  0.99999999  0.00000000  2.49999999 
 1.00000000  0.99999999  0.00000001  2.49999999 
 0.99999999  0.99999997  0.00000002  2.49999997 
 0.99999998  0.99999995  0.00000003  2.49999995 
 0.99999996  0.99999989  0.00000007  2.49999989 
 0.99999991  0.99999977  0.00000014  2.49999977 
 0.99999982  0.99999954  0.00000029  2.49999954 
 0.99999964  0.99999909  0.00000058  2.49999909 
 0.99999928  0.99999820  0.00000114  2.49999820 
 0.99999860  0.99999650  0.00000221  2.49999650 
 0.99999732  0.99999330  0.00000424  2.49999330 
 0.99999493  0.99998733  0.00000801  2.49998733 
 0.99999056  0.99997640  0.00001492  2.49997640 
 0.99998268  0.99995670  0.00002738  2.49995670 
 0.99996870  0.99992175  0.00004949  2.49992175 
 0.99994430  0.99986077  0.00008807  2.49986076 
 0.99990245  0.99975616  0.00015425  2.49975613 
 0.99983190  0.99957987  0.00026580  2.49957979 
 0.99971512  0.99928815  0.00045048  2.49928790 
 0.99952539  0.99881446  0.00075054  2.49881375 
 0.99922304  0.99806029  0.00122877  2.49805835 
 0.99875079  0.99688398  0.00197591  2.49687892 
 0.99802829  0.99508829  0.00311936  2.49507557 
 0.99694637  0.99240827  0.00483253  2.49237751 
 0.99536168  0.98850232  0.00734370  2.48843086 
 0.99309291  0.98295029  0.01094285  2.48279113 
 0.98991989  0.97526377  0.01598430  2.47492430 
 0.98558714  0.96491297  0.02288327  2.46422049 
 0.97981319  0.95137285  0.03210436  2.45002326 
 0.97230620  0.93418648  0.04414128  2.43167561 
 0.96278585  0.91303761  0.05948815  2.40858018 
 0.95100977  0.88781801  0.07860447  2.38026719 
 0.93680193  0.85867291  0.10187791  2.34646096 
 0.92007872  0.82600988  0.12958664  2.30713228 
 0.90086987  0.79046852  0.16187379  2.26253104 
 0.87932798  0.75285321  0.19871533  2.21318420 
 0.85572442  0.71404381  0.23993926  2.15986510 
 0.83041115  0.67487578  0.28524038  2.10348252 
 0.80375352  0.63602213  0.33430495  2.04492465 
 0.77616858  0.59808763  0.38673303  1.98514716 
 0.74839283  0.56189483  0.44138675  1.92571689 
 0.72140789  0.52845162  0.49657116  1.86867329 
 0.69615618  0.49832863  0.55027440  1.81583788 
 0.67311428  0.47181995  0.60126504  1.76807180 
 0.65237324  0.44867179  0.64889782  1.72539385 
 0.63377535  0.42837243  0.69321846  1.68736595 
 0.61702742  0.41045610  0.73446486  1.65327649 
 0.60180808  0.39446507  0.77324743  1.62244782 
 0.58780193  0.38001187  0.80998818  1.59416409 
 0.57475596  0.36668127  0.84533968  1.56790496 
 0.56249498  0.35432078  0.87945514  1.54326062 
 0.55092959  0.34267634  0.91267911  1.52004578 
 0.54015299  0.33203129  0.94441124  1.49845391 
 0.53207614  0.32406434  0.96892162  1.48230762 
 0.52889005  0.32090116  0.97872509  1.47592118 
 0.52889511  0.32084374  0.97872465  1.47590620 
 0.52888460  0.32081267  0.97876295  1.47587706 
 0.52886102  0.32071513  0.97883822  1.47579502 
 0.52883133  0.32070930  0.97894840  1.47575259 
 0.52881236  0.32069775  0.97901378  1.47572016 
 0.52880971  0.32058670  0.97903908  1.47566825 
 0.52880805  0.32054810  0.97905255  1.47564984 
 0.52880345  0.32052053  0.97907230  1.47563132 
 0.52878946  0.32048388  0.97912356  1.47559486 
 0.52875438  0.32042784  0.97923624  1.47551565 
 0.52867896  0.32032879  0.97947926  1.47535585 
 0.52852310  0.32017279  0.97996338  1.47504323 
 0.52821527  0.31976648  0.98092453  1.47437989 
 0.52782352  0.31949904  0.98214630  1.47365500 
 0.52765026  0.31916852  0.98269382  1.47323411 
 0.52764348  0.31888475  0.98272854  1.47309104 
 0.52764318  0.31865263  0.98274392  1.47298301 
 0.52764266  0.31858725  0.98275008  1.47295206 
 0.52764054  0.31850896  0.98276334  1.47291311 
 0.52763368  0.31843948  0.98278769  1.47287004 
 0.52761992  0.31831186  0.98284106  1.47279071 
 0.52759543  0.31814449  0.98291370  1.47267134 
 0.52756509  0.31798982  0.98303713  1.47255936 
 0.52753021  0.31843638  0.98312387  1.47271508 
 0.52752584  0.31692707  0.98315780  1.47198535 
 0.52752381  0.31636389  0.98316878  1.47171150 
 0.52752204  0.31559447  0.98320595  1.47134674 
 0.52750811  0.31489091  0.98322094  1.47097649 
 0.52751252  0.31084453  0.98327706  1.46904878 
 0.52751031  0.30900909  0.98330566  1.46816468 
 0.52750856  0.30691295  0.98336825  1.46716582 
 0.52748321  0.30465549  0.98337213  1.46601212 
 0.52748650  0.30027581  0.98340733  1.46391310 
 0.52748629  0.29594136  0.98346141  1.46183242 
 0.52748683  0.29199155  0.98352070  1.45994069 
 0.52748637  0.28684551  0.98357849  1.45746693 
 0.52749268  0.28021136  0.98366037  1.45429623 
 0.52749274  0.27282324  0.98377909  1.45075392 
 0.52747511  0.26904018  0.98381159  1.44888779 
 0.52749018  0.26154803  0.98391485  1.44532627 
 0.52749008  0.25395434  0.98405126  1.44168441 
 0.52748636  0.25068226  0.98408143  1.44009828 
 0.52749141  0.24625805  0.98413093  1.43798068 
 0.52749151  0.23881728  0.98425720  1.43440735 
 0.52749187  0.23740742  0.98426398  1.43372692 
 0.52749213  0.23390051  0.98428874  1.43203458 
 0.52749379  0.23051712  0.98432053  1.43040700 
 0.52750137  0.22591129  0.98436185  1.42820386 
 0.52750495  0.22277523  0.98436760  1.42669470 
 0.52750686  0.21941078  0.98437061  1.42507008 
 0.52750878  0.21549739  0.98437871  1.42318059 
 0.52751794  0.20978211  0.98440435  1.42043973 
 0.52752386  0.20490346  0.98441934  1.41809371 
 0.52752653  0.20082225  0.98442918  1.41612483 
 0.52752772  0.19702970  0.98444160  1.41429252 
 0.52752825  0.19279601  0.98446145  1.41224613 
 0.52753303  0.18924370  0.98448812  1.41054166 
 0.52754639  0.18552587  0.98453279  1.40878152 
 0.52755751  0.18357138  0.98456012  1.40786703 
 0.52756619  0.18214866  0.98458229  1.40720313 
 0.52757067  0.18104962  0.98459695  1.40668426 
 0.52757148  0.18014081  0.98460527  1.40624722 
 0.52757595  0.17923294  0.98461895  1.40582076 
 0.52758502  0.17822190  0.98464102  1.40535722 
 0.52759101  0.17752234  0.98465810  1.40503605 
 0.52759261  0.17712152  0.98466646  1.40484721 
 0.52759285  0.17668008  0.98467611  1.40463548 
 0.52759285  0.17637682  0.98468235  1.40448954 
 0.52759253  0.17611335  0.98469195  1.40436267 
 0.52758764  0.17586793  0.98469493  1.40423200 
 0.52758859  0.17568000  0.98470634  1.40414523 
 0.52758832  0.17553526  0.98471875  1.40407652 
 0.52759985  0.17544849  0.98474589  1.40406798 
 0.52762218  0.17537346  0.98479421  1.40409576 
 0.52763852  0.17533845  0.98482750  1.40412538 
 0.52764589  0.17530680  0.98484958  1.40413226 
 0.52764921  0.17528747  0.98485984  1.40413298 
 0.52765006  0.17527516  0.98486697  1.40413035 
 0.52765017  0.17526105  0.98487498  1.40412516 
 0.52765018  0.17525243  0.98487849  1.40412163 
 0.52765046  0.17524630  0.98488221  1.40412000 
 0.52765496  0.17524082  0.98489265  1.40413037 
 0.52767115  0.17523824  0.98491930  1.40417419 
 0.52768429  0.17523677  0.98494098  1.40421009 
 0.52769249  0.17523563  0.98495228  1.40423199 
 0.52769561  0.17523449  0.98495580  1.40423984 
 0.52769824  0.17523325  0.98495823  1.40424623 
 0.52769839  0.17523194  0.98495752  1.40424585 
 0.52769938  0.17523101  0.98495855  1.40424805 
 0.52770160  0.17523018  0.98496190  1.40425377 
 0.52771250  0.17523030  0.98497934  1.40428408 
 0.52772199  0.17523093  0.98499528  1.40431088 
 0.52772616  0.17523153  0.98500312  1.40432294 
 0.52772916  0.17523248  0.98501018  1.40433213 
 0.52772919  0.17523343  0.98501235  1.40433304 
 0.52773119  0.17523496  0.98501826  1.40433979 
 0.52773775  0.17523734  0.98503154  1.40435965 
 0.52776798  0.17524336  0.98508040  1.40444657 
 0.52779313  0.17524777  0.98511931  1.40451832 
 0.52780651  0.17525118  0.98513893  1.40455680 
 0.52781321  0.17525493  0.98514694  1.40457675 
 0.52781524  0.17525796  0.98515023  1.40458386 
 0.52781594  0.17526153  0.98515562  1.40458827 
 0.52781403  0.17526384  0.98515888  1.40458520 
 0.52781492  0.17526672  0.98516973  1.40459069 
 0.52781651  0.17526951  0.98518637  1.40459887 
 0.52782573  0.17527266  0.98521531  1.40462845 
 0.52783505  0.17527556  0.98523650  1.40465684 
 0.52784127  0.17527709  0.98524843  1.40467518 
 0.52784434  0.17527871  0.98525122  1.40468413 
 0.52785079  0.17528113  0.98525152  1.40470148 
 0.52785003  0.17528313  0.98523994  1.40469855 
 0.52785880  0.17528553  0.98524198  1.40472198 
 0.52787757  0.17528953  0.98525217  1.40477262 
 0.52789613  0.17529271  0.98527078  1.40482377 
 0.52791897  0.17529672  0.98529095  1.40488630 
 0.52792388  0.17530063  0.98527726  1.40489810 
 0.52795929  0.17530291  0.98536886  1.40500356 
 0.52788583  0.17528896  0.98547729  1.40483186 
 0.52782763  0.17524251  0.98634119  1.40481307 
 0.52704270  0.17511568  0.98661110  1.40283567 
 0.52677974  0.17471667  0.99457687  1.40336274 
 0.52302963  0.17412948  0.99419762  1.39363139 
 0.52418320  0.17461491  1.01366677  1.40016818 
 0.49130990  0.17359303  0.97475257  1.31074381 
 0.55420371  0.18384389  1.08270320  1.49326442 
 0.10000000  0.12500000  0.00000000  0.25000000 
