Date & Time: 2018-12-04 12:57:35.075133
Euler test case, time = 0.9000
dx = 0.00398406374501992
dt = 0.0001
nSteps = 10000
[Pressure]   [Density]    [Velocity]    [Internal Energy]
 1.00000000  1.00000000  0.00000000  2.50000000 
 1.00000000  1.00000000  0.00000000  2.50000000 
 1.00000000  1.00000000  0.00000000  2.50000000 
 1.00000000  1.00000000  0.00000000  2.50000000 
 1.00000000  1.00000000  0.00000000  2.50000000 
 1.00000000  1.00000000  0.00000000  2.50000000 
 1.00000000  1.00000000  0.00000000  2.50000000 
 1.00000000  1.00000000  0.00000000  2.50000000 
 1.00000000  1.00000000  0.00000000  2.50000000 
 1.00000000  1.00000000  0.00000000  2.50000000 
 1.00000000  1.00000000  0.00000000  2.50000000 
 1.00000000  1.00000000  0.00000000  2.50000000 
 1.00000000  1.00000000  0.00000000  2.50000000 
 1.00000000  1.00000000  0.00000000  2.50000000 
 1.00000000  1.00000000  0.00000000  2.50000000 
 1.00000000  1.00000000  0.00000000  2.50000000 
 1.00000000  1.00000000  0.00000000  2.50000000 
 1.00000000  1.00000000  0.00000000  2.50000000 
 1.00000000  1.00000000  0.00000000  2.50000000 
 1.00000000  1.00000000  0.00000000  2.50000000 
 1.00000000  1.00000000  0.00000000  2.50000000 
 1.00000000  1.00000000  0.00000000  2.50000000 
 1.00000000  1.00000000  0.00000000  2.50000000 
 1.00000000  1.00000000  0.00000000  2.50000000 
 1.00000000  1.00000000  0.00000000  2.50000000 
 1.00000000  1.00000000  0.00000000  2.50000000 
 1.00000000  1.00000000  0.00000000  2.50000000 
 1.00000000  1.00000000  0.00000000  2.50000000 
 1.00000000  1.00000000  0.00000000  2.50000000 
 1.00000000  1.00000000  0.00000000  2.50000000 
 1.00000000  1.00000000  0.00000000  2.50000000 
 1.00000000  1.00000000  0.00000000  2.50000000 
 1.00000000  1.00000000  0.00000000  2.50000000 
 1.00000000  1.00000000  0.00000000  2.50000000 
 1.00000000  1.00000000  0.00000000  2.50000000 
 1.00000000  1.00000000  0.00000000  2.50000000 
 1.00000000  1.00000000  0.00000000  2.50000000 
 1.00000000  1.00000000  0.00000000  2.50000000 
 1.00000000  1.00000000  0.00000000  2.50000000 
 1.00000000  1.00000000  0.00000000  2.50000000 
 1.00000000  1.00000000  0.00000000  2.50000000 
 1.00000000  1.00000000  0.00000000  2.50000000 
 1.00000000  1.00000000  0.00000000  2.50000000 
 1.00000000  1.00000000  0.00000000  2.50000000 
 1.00000000  1.00000000  0.00000000  2.50000000 
 1.00000000  1.00000000  0.00000000  2.50000000 
 1.00000000  1.00000000  0.00000000  2.50000000 
 1.00000000  1.00000000  0.00000000  2.50000000 
 1.00000000  1.00000000  0.00000000  2.50000000 
 1.00000000  1.00000000  0.00000000  2.50000000 
 1.00000000  1.00000000  0.00000000  2.50000000 
 1.00000000  1.00000000  0.00000000  2.50000000 
 1.00000000  1.00000000  0.00000000  2.50000000 
 1.00000000  1.00000000  0.00000000  2.50000000 
 1.00000000  1.00000000  0.00000000  2.50000000 
 1.00000000  1.00000000  0.00000000  2.50000000 
 1.00000000  1.00000000  0.00000000  2.50000000 
 1.00000000  1.00000000  0.00000000  2.50000000 
 1.00000000  1.00000000  0.00000000  2.50000000 
 1.00000000  1.00000000  0.00000000  2.50000000 
 1.00000000  0.99999999  0.00000001  2.49999999 
 0.99999999  0.99999998  0.00000001  2.49999998 
 0.99999999  0.99999996  0.00000002  2.49999996 
 0.99999997  0.99999993  0.00000005  2.49999993 
 0.99999994  0.99999986  0.00000009  2.49999986 
 0.99999989  0.99999973  0.00000017  2.49999973 
 0.99999979  0.99999949  0.00000033  2.49999949 
 0.99999961  0.99999903  0.00000061  2.49999903 
 0.99999928  0.99999820  0.00000114  2.49999820 
 0.99999867  0.99999668  0.00000210  2.49999668 
 0.99999758  0.99999396  0.00000382  2.49999396 
 0.99999566  0.99998914  0.00000687  2.49998914 
 0.99999229  0.99998072  0.00001219  2.49998072 
 0.99998648  0.99996619  0.00002138  2.49996619 
 0.99997658  0.99994145  0.00003703  2.49994145 
 0.99995996  0.99989990  0.00006331  2.49989989 
 0.99993243  0.99983110  0.00010684  2.49983108 
 0.99988750  0.99971881  0.00017788  2.49971877 
 0.99981526  0.99953830  0.00029212  2.49953819 
 0.99970087  0.99925257  0.00047301  2.49925228 
 0.99952258  0.99880748  0.00075497  2.49880673 
 0.99924924  0.99812565  0.00118732  2.49812379 
 0.99883720  0.99709916  0.00183918  2.49709468 
 0.99822688  0.99558162  0.00280498  2.49557113 
 0.99733913  0.99338042  0.00421042  2.49335663 
 0.99607176  0.99025065  0.00621805  2.49019855 
 0.99429702  0.98589294  0.00903182  2.48578277 
 0.99186058  0.97995766  0.01289925  2.47973298 
 0.98858297  0.97205828  0.01811031  2.47161684 
 0.98426422  0.96179569  0.02499167  2.46096091 
 0.97869216  0.94879360  0.03389579  2.44727544 
 0.97165452  0.93274230  0.04518474  2.43008847 
 0.96295431  0.91344478  0.05920947  2.40898695 
 0.95242728  0.89085673  0.07628606  2.38366040 
 0.93995961  0.86511127  0.09667158  2.35394142 
 0.92550361  0.83652142  0.12054095  2.31983642 
 0.90908967  0.80555956  0.14797108  2.28154322 
 0.89083144  0.77281579  0.17892220  2.23944874 
 0.87092491  0.73894560  0.21324833  2.19411398 
 0.84962908  0.70459872  0.25068947  2.14621303 
 0.82722681  0.67033856  0.29096996  2.09644364 
 0.80400574  0.63662433  0.33377667  2.04547652 
 0.78037263  0.60399500  0.37853857  1.99420522 
 0.75698733  0.57315534  0.42419663  1.94403591 
 0.73460070  0.54483658  0.46925177  1.89648749 
 0.71371323  0.51930777  0.51267041  1.85252815 
 0.69458023  0.49666441  0.55365474  1.81257273 
 0.67721116  0.47662909  0.59200927  1.77655119 
 0.66148966  0.45889431  0.62768311  1.74412314 
 0.64723011  0.44312366  0.66095967  1.71486847 
 0.63421665  0.42897496  0.69205580  1.68826851 
 0.62225005  0.41614484  0.72139774  1.66390907 
 0.61115564  0.40439839  0.74918371  1.64137869 
 0.60077678  0.39352971  0.77581787  1.62037342 
 0.59098241  0.38341422  0.80144489  1.60059217 
 0.58165530  0.37381103  0.82641669  1.58178809 
 0.57270900  0.36474041  0.85081439  1.56378756 
 0.56407319  0.35599849  0.87491906  1.54643844 
 0.55568770  0.34760400  0.89874042  1.52960510 
 0.54751982  0.33945358  0.92249304  1.51323592 
 0.53961160  0.33167342  0.94588383  1.49740248 
 0.53264016  0.32477883  0.96700376  1.48345014 
 0.52977463  0.32193411  0.97579541  1.47770565 
 0.52929073  0.32144543  0.97729030  1.47673250 
 0.52880773  0.32096736  0.97877710  1.47576343 
 0.52880699  0.32094240  0.97878754  1.47575289 
 0.52880674  0.32093249  0.97879264  1.47574912 
 0.52880562  0.32092521  0.97879854  1.47574471 
 0.52880178  0.32091480  0.97881424  1.47573504 
 0.52879198  0.32089981  0.97884707  1.47571367 
 0.52877176  0.32086281  0.97891419  1.47566649 
 0.52873758  0.32085363  0.97902329  1.47561091 
 0.52870532  0.32079485  0.97912678  1.47553460 
 0.52869211  0.32074382  0.97917793  1.47549318 
 0.52867818  0.32071566  0.97922594  1.47545993 
 0.52864499  0.32067012  0.97933201  1.47538841 
 0.52856744  0.32058017  0.97957847  1.47522880 
 0.52840211  0.32040542  0.98008844  1.47489174 
 0.52808184  0.32006914  0.98109015  1.47424394 
 0.52769156  0.31968040  0.98229747  1.47346004 
 0.52759810  0.31951237  0.98259655  1.47323920 
 0.52758671  0.31946247  0.98263837  1.47319976 
 0.52757048  0.31937713  0.98268251  1.47313183 
 0.52757025  0.31930132  0.98269903  1.47309985 
 0.52757000  0.31927413  0.98270858  1.47308908 
 0.52756812  0.31925528  0.98271954  1.47307872 
 0.52756176  0.31923321  0.98274749  1.47306095 
 0.52754464  0.31920101  0.98280364  1.47302020 
 0.52750838  0.31912111  0.98292495  1.47292903 
 0.52746341  0.31914947  0.98307193  1.47287640 
 0.52744591  0.31884482  0.98313417  1.47270494 
 0.52744527  0.31857976  0.98314440  1.47257845 
 0.52744501  0.31846934  0.98314983  1.47252614 
 0.52744413  0.31840975  0.98315368  1.47249635 
 0.52744205  0.31835455  0.98316533  1.47246812 
 0.52743599  0.31819597  0.98318230  1.47238164 
 0.52742424  0.31827205  0.98322899  1.47240364 
 0.52740885  0.31853918  0.98327511  1.47250874 
 0.52740298  0.31799058  0.98330642  1.47223865 
 0.52739534  0.31781482  0.98331035  1.47213580 
 0.52739306  0.31562866  0.98332801  1.47107868 
 0.52739287  0.31469261  0.98333904  1.47062908 
 0.52738815  0.31446184  0.98333661  1.47050495 
 0.52738397  0.31311497  0.98339182  1.46986034 
 0.52736077  0.31141407  0.98339672  1.46898139 
 0.52736954  0.30633820  0.98344089  1.46656226 
 0.52736769  0.30390586  0.98346867  1.46538971 
 0.52736695  0.30097832  0.98353733  1.46399240 
 0.52732211  0.29805807  0.98351473  1.46246124 
 0.52736512  0.28752021  0.98365101  1.45751066 
 0.52736511  0.27945618  0.98378929  1.45364740 
 0.52736050  0.27639827  0.98381721  1.45216367 
 0.52736483  0.27015936  0.98388552  1.44917335 
 0.52736457  0.26509817  0.98395083  1.44674005 
 0.52735893  0.26320212  0.98396907  1.44581284 
 0.52736041  0.26049447  0.98398650  1.44451024 
 0.52736094  0.25661704  0.98401536  1.44264173 
 0.52736141  0.25446319  0.98401643  1.44160039 
 0.52736184  0.25134749  0.98402084  1.44009411 
 0.52736214  0.24796916  0.98402887  1.43846120 
 0.52736243  0.24350964  0.98404391  1.43630644 
 0.52736334  0.23872243  0.98406448  1.43399572 
 0.52736488  0.23294042  0.98409424  1.43120679 
 0.52736575  0.22851401  0.98411350  1.42906993 
 0.52736607  0.22450617  0.98413176  1.42713402 
 0.52736622  0.21999853  0.98416000  1.42495764 
 0.52736627  0.21630476  0.98418372  1.42317397 
 0.52736648  0.21156655  0.98421887  1.42088706 
 0.52736829  0.20680230  0.98426087  1.41859261 
 0.52737518  0.20098688  0.98432426  1.41580546 
 0.52737731  0.19777728  0.98434804  1.41426053 
 0.52737779  0.19520075  0.98436798  1.41301732 
 0.52737790  0.19278536  0.98438592  1.41185076 
 0.52737791  0.19037677  0.98440337  1.41068707 
 0.52738006  0.18754817  0.98442703  1.40932629 
 0.52738119  0.18487899  0.98444531  1.40803909 
 0.52738154  0.18338347  0.98445295  1.40731668 
 0.52738173  0.18231135  0.98445727  1.40679842 
 0.52738370  0.18094260  0.98446453  1.40614135 
 0.52738555  0.17983154  0.98446977  1.40560851 
 0.52738678  0.17916990  0.98447244  1.40529142 
 0.52738734  0.17860402  0.98447387  1.40501885 
 0.52738782  0.17791028  0.98447563  1.40468420 
 0.52738792  0.17736253  0.98447655  1.40441917 
 0.52738800  0.17697326  0.98447760  1.40423090 
 0.52738839  0.17659280  0.98447944  1.40404781 
 0.52739595  0.17624043  0.98449262  1.40389826 
 0.52740471  0.17597352  0.98450806  1.40379349 
 0.52740890  0.17582872  0.98451586  1.40373513 
 0.52741112  0.17569289  0.98452115  1.40367577 
 0.52741147  0.17558526  0.98452334  1.40362486 
 0.52741196  0.17550967  0.98452567  1.40358985 
 0.52741377  0.17542252  0.98453099  1.40355307 
 0.52742158  0.17535209  0.98454624  1.40354108 
 0.52742767  0.17531327  0.98455914  1.40353973 
 0.52743087  0.17528414  0.98456850  1.40353522 
 0.52743172  0.17526675  0.98457334  1.40352974 
 0.52743194  0.17525285  0.98457781  1.40352434 
 0.52743194  0.17523996  0.98458252  1.40351889 
 0.52743314  0.17523048  0.98458853  1.40351835 
 0.52743685  0.17522305  0.98459906  1.40352583 
 0.52744462  0.17521854  0.98461606  1.40354599 
 0.52744854  0.17521641  0.98462728  1.40355671 
 0.52744944  0.17521430  0.98463700  1.40355962 
 0.52744944  0.17521262  0.98464627  1.40356039 
 0.52744945  0.17521129  0.98465580  1.40356141 
 0.52744820  0.17521012  0.98466462  1.40355925 
 0.52744652  0.17520837  0.98468792  1.40355823 
 0.52743991  0.17520645  0.98470373  1.40354349 
 0.52742955  0.17520212  0.98476531  1.40352612 
 0.52740609  0.17519636  0.98481676  1.40347354 
 0.52737067  0.17518402  0.98497596  1.40340649 
 0.52730083  0.17516612  0.98514464  1.40325230 
 0.52719157  0.17513001  0.98557483  1.40303588 
 0.52699402  0.17507616  0.98609653  1.40260588 
 0.52669222  0.17497810  0.98721146  1.40199620 
 0.52619294  0.17483776  0.98858692  1.40091719 
 0.52546939  0.17460510  0.99117177  1.39944138 
 0.52437623  0.17429250  0.99426083  1.39708941 
 0.52287814  0.17381335  0.99950784  1.39401650 
 0.52081036  0.17321140  1.00552945  1.38959202 
 0.51821126  0.17238379  1.01448690  1.38423544 
 0.51561405  0.17160294  1.02257852  1.37875487 
 0.51408455  0.17112058  1.02775206  1.37558651 
 0.51370436  0.17104455  1.02839570  1.37470907 
 0.51378253  0.17103994  1.02970693  1.37513283 
 0.51279059  0.17120978  1.02947122  1.37270147 
 0.51483579  0.17251029  1.03396859  1.37930408 
 0.50149500  0.17436042  1.01437354  1.34344189 
 0.56056754  0.18449455  1.10373417  1.51379718 
 0.10000000  0.12500000  0.00000000  0.25000000 
