Date & Time: 2018-12-04 12:58:44.363650
Euler test case, time = 1.0000
dx = 0.00398406374501992
dt = 0.0001
nSteps = 10000
[Pressure]   [Density]    [Velocity]    [Internal Energy]
 1.00000000  1.00000000  0.00000000  2.50000000 
 1.00000000  1.00000000  0.00000000  2.50000000 
 1.00000000  1.00000000  0.00000000  2.50000000 
 1.00000000  1.00000000  0.00000000  2.50000000 
 1.00000000  1.00000000  0.00000000  2.50000000 
 1.00000000  1.00000000  0.00000000  2.50000000 
 1.00000000  1.00000000  0.00000000  2.50000000 
 1.00000000  1.00000000  0.00000000  2.50000000 
 1.00000000  1.00000000  0.00000000  2.50000000 
 1.00000000  1.00000000  0.00000000  2.50000000 
 1.00000000  1.00000000  0.00000000  2.50000000 
 1.00000000  1.00000000  0.00000000  2.50000000 
 1.00000000  1.00000000  0.00000000  2.50000000 
 1.00000000  1.00000000  0.00000000  2.50000000 
 1.00000000  1.00000000  0.00000000  2.50000000 
 1.00000000  1.00000000  0.00000000  2.50000000 
 1.00000000  1.00000000  0.00000000  2.50000000 
 1.00000000  1.00000000  0.00000000  2.50000000 
 1.00000000  1.00000000  0.00000000  2.50000000 
 1.00000000  1.00000000  0.00000000  2.50000000 
 1.00000000  1.00000000  0.00000000  2.50000000 
 1.00000000  1.00000000  0.00000000  2.50000000 
 1.00000000  1.00000000  0.00000000  2.50000000 
 1.00000000  1.00000000  0.00000000  2.50000000 
 1.00000000  1.00000000  0.00000000  2.50000000 
 1.00000000  1.00000000  0.00000000  2.50000000 
 1.00000000  1.00000000  0.00000000  2.50000000 
 1.00000000  1.00000000  0.00000000  2.50000000 
 1.00000000  1.00000000  0.00000000  2.50000000 
 1.00000000  1.00000000  0.00000000  2.50000000 
 1.00000000  1.00000000  0.00000000  2.50000000 
 1.00000000  1.00000000  0.00000000  2.50000000 
 1.00000000  1.00000000  0.00000000  2.50000000 
 1.00000000  1.00000000  0.00000000  2.50000000 
 1.00000000  1.00000000  0.00000000  2.50000000 
 1.00000000  1.00000000  0.00000000  2.50000000 
 1.00000000  1.00000000  0.00000000  2.50000000 
 1.00000000  1.00000000  0.00000000  2.50000000 
 1.00000000  1.00000000  0.00000000  2.50000000 
 1.00000000  1.00000000  0.00000000  2.50000000 
 1.00000000  1.00000000  0.00000000  2.50000000 
 1.00000000  1.00000000  0.00000000  2.50000000 
 1.00000000  1.00000000  0.00000000  2.50000000 
 1.00000000  1.00000000  0.00000000  2.50000000 
 1.00000000  1.00000000  0.00000000  2.50000000 
 1.00000000  1.00000000  0.00000000  2.50000000 
 1.00000000  1.00000000  0.00000000  2.50000000 
 1.00000000  1.00000000  0.00000000  2.50000000 
 1.00000000  1.00000000  0.00000000  2.50000000 
 1.00000000  1.00000000  0.00000000  2.50000000 
 1.00000000  1.00000000  0.00000000  2.50000000 
 1.00000000  1.00000000  0.00000000  2.50000000 
 1.00000000  1.00000000  0.00000000  2.50000000 
 1.00000000  1.00000000  0.00000000  2.50000000 
 1.00000000  1.00000000  0.00000000  2.50000000 
 1.00000000  0.99999999  0.00000000  2.49999999 
 0.99999999  0.99999999  0.00000001  2.49999999 
 0.99999999  0.99999997  0.00000002  2.49999997 
 0.99999998  0.99999995  0.00000003  2.49999995 
 0.99999996  0.99999990  0.00000007  2.49999990 
 0.99999992  0.99999980  0.00000012  2.49999980 
 0.99999985  0.99999963  0.00000023  2.49999963 
 0.99999973  0.99999932  0.00000043  2.49999932 
 0.99999950  0.99999875  0.00000079  2.49999875 
 0.99999909  0.99999773  0.00000144  2.49999773 
 0.99999837  0.99999592  0.00000258  2.49999592 
 0.99999710  0.99999276  0.00000458  2.49999276 
 0.99999492  0.99998730  0.00000804  2.49998730 
 0.99999118  0.99997796  0.00001394  2.49997796 
 0.99998488  0.99996220  0.00002391  2.49996220 
 0.99997437  0.99993593  0.00004053  2.49993593 
 0.99995707  0.99989269  0.00006787  2.49989269 
 0.99992898  0.99982248  0.00011229  2.49982246 
 0.99988397  0.99970998  0.00018347  2.49970994 
 0.99981284  0.99953225  0.00029595  2.49953214 
 0.99970203  0.99925548  0.00047117  2.49925519 
 0.99953196  0.99883089  0.00074014  2.49883017 
 0.99927488  0.99818961  0.00114675  2.49818787 
 0.99889239  0.99723660  0.00175185  2.49723250 
 0.99833250  0.99584407  0.00263781  2.49583472 
 0.99752669  0.99384502  0.00391340  2.49382434 
 0.99638698  0.99102800  0.00571854  2.49098366 
 0.99480375  0.98713476  0.00822806  2.48704278 
 0.99264467  0.98186285  0.01165391  2.48167834 
 0.98975558  0.97487512  0.01624458  2.47451759 
 0.98596381  0.96581791  0.02228108  2.46514925 
 0.98108434  0.95434821  0.03006872  2.45314227 
 0.97492918  0.94016848  0.03992463  2.43807226 
 0.96731944  0.92306503  0.05216127  2.41955435 
 0.95809940  0.90294377  0.06706720  2.39727923 
 0.94715132  0.87985648  0.08488676  2.37104832 
 0.93440923  0.85401085  0.10580011  2.34080284 
 0.91987013  0.82576180  0.12990757  2.30664310 
 0.90360076  0.79558466  0.15721566  2.26883403 
 0.88573915  0.76403569  0.18763150  2.22779704 
 0.86648912  0.73170429  0.22096976  2.18408650 
 0.84609479  0.69914630  0.25696046  2.13831882 
 0.82480977  0.66682777  0.29535939  2.09111050 
 0.80290472  0.63515642  0.33580186  2.04307283 
 0.78081757  0.60468051  0.37766971  1.99516804 
 0.75916198  0.57605470  0.41985751  1.94867850 
 0.73857557  0.54984260  0.46114037  1.90490106 
 0.71943031  0.52627980  0.50062621  1.86452564 
 0.70188544  0.50528286  0.53784824  1.82779790 
 0.68592292  0.48666149  0.57261243  1.79459181 
 0.67141304  0.47009360  0.60503850  1.76457655 
 0.65818172  0.45525911  0.63530341  1.73732796 
 0.64604828  0.44187472  0.66372238  1.71244965 
 0.63483953  0.42969321  0.69052233  1.68954222 
 0.62441033  0.41849105  0.71601851  1.66830235 
 0.61463697  0.40812706  0.74035719  1.64844552 
 0.60541722  0.39841528  0.76381015  1.62976197 
 0.59666341  0.38932840  0.78645536  1.61206067 
 0.58830079  0.38068101  0.80854758  1.59518692 
 0.58026333  0.37246137  0.83011277  1.57898752 
 0.57249723  0.36454541  0.85138840  1.56336568 
 0.56495489  0.35695443  0.87235750  1.54820975 
 0.55759369  0.34954441  0.89326075  1.53343756 
 0.55038012  0.34236484  0.91404009  1.51896796 
 0.54329925  0.33533534  0.93488461  1.50479121 
 0.53639387  0.32854666  0.95550541  1.49096467 
 0.53041550  0.32263259  0.97375313  1.47899809 
 0.52891564  0.32114509  0.97836836  1.47598989 
 0.52885703  0.32107532  0.97855489  1.47586858 
 0.52882442  0.32103698  0.97866284  1.47580261 
 0.52879177  0.32100683  0.97876532  1.47573874 
 0.52878798  0.32097759  0.97878137  1.47572030 
 0.52878762  0.32096448  0.97878751  1.47571505 
 0.52878706  0.32096127  0.97879120  1.47571325 
 0.52878455  0.32095656  0.97880075  1.47570774 
 0.52877754  0.32094693  0.97882433  1.47569300 
 0.52876240  0.32092921  0.97887334  1.47566208 
 0.52873348  0.32089417  0.97896401  1.47560145 
 0.52868473  0.32084538  0.97911932  1.47550499 
 0.52862763  0.32077891  0.97929699  1.47538619 
 0.52859231  0.32072643  0.97941089  1.47530849 
 0.52855823  0.32068495  0.97951735  1.47523683 
 0.52849305  0.32061372  0.97972195  1.47510399 
 0.52834985  0.32047196  0.98016455  1.47481694 
 0.52805944  0.32014898  0.98106430  1.47421824 
 0.52770286  0.31984061  0.98217183  1.47352611 
 0.52759999  0.31970410  0.98249236  1.47330375 
 0.52754558  0.31954759  0.98266633  1.47314683 
 0.52754726  0.31951204  0.98267181  1.47313557 
 0.52754725  0.31949866  0.98267650  1.47313055 
 0.52754637  0.31948946  0.98268222  1.47312571 
 0.52754291  0.31947542  0.98269475  1.47311422 
 0.52753528  0.31944878  0.98272158  1.47309069 
 0.52751965  0.31941529  0.98277126  1.47305106 
 0.52748931  0.31932873  0.98286983  1.47296433 
 0.52745079  0.31923993  0.98299469  1.47286433 
 0.52743395  0.31919355  0.98305375  1.47281835 
 0.52741474  0.31910376  0.98311208  1.47274524 
 0.52741488  0.31895402  0.98312501  1.47267727 
 0.52741488  0.31888438  0.98313190  1.47264578 
 0.52741420  0.31883848  0.98313753  1.47262366 
 0.52741231  0.31878923  0.98315076  1.47259930 
 0.52740673  0.31874182  0.98316974  1.47256836 
 0.52739654  0.31866369  0.98320728  1.47251690 
 0.52738581  0.31863473  0.98325023  1.47248953 
 0.52736988  0.31846127  0.98329690  1.47238048 
 0.52737065  0.31830467  0.98331291  1.47231171 
 0.52737065  0.31820249  0.98332266  1.47226535 
 0.52736631  0.31808137  0.98332588  1.47219694 
 0.52736055  0.31793591  0.98337879  1.47212876 
 0.52735059  0.31884264  0.98339388  1.47254700 
 0.52734401  0.31575707  0.98343145  1.47105028 
 0.52734364  0.31440836  0.98344468  1.47040124 
 0.52733404  0.31372407  0.98343926  1.47004466 
 0.52733823  0.31044993  0.98346197  1.46847877 
 0.52733822  0.30847123  0.98348348  1.46752837 
 0.52732630  0.30758543  0.98348413  1.46707037 
 0.52732590  0.30210216  0.98356717  1.46444223 
 0.52727361  0.29823663  0.98353888  1.46243343 
 0.52731688  0.28816317  0.98365396  1.45770195 
 0.52731679  0.28335088  0.98372246  1.45539270 
 0.52731588  0.28021934  0.98377179  1.45388880 
 0.52730866  0.27747836  0.98380023  1.45255216 
 0.52731702  0.27300931  0.98383572  1.45041986 
 0.52731985  0.26516539  0.98393940  1.44665781 
 0.52732287  0.26196411  0.98395238  1.44511906 
 0.52732582  0.25931646  0.98396015  1.44384675 
 0.52732854  0.25673342  0.98396709  1.44260486 
 0.52733080  0.25396869  0.98397388  1.44127383 
 0.52733260  0.25086095  0.98398136  1.43977570 
 0.52733404  0.24732813  0.98399141  1.43807148 
 0.52733488  0.24378673  0.98400422  1.43636220 
 0.52733556  0.23933991  0.98402500  1.43421594 
 0.52733783  0.23493011  0.98404983  1.43209234 
 0.52734208  0.22952192  0.98408734  1.42949291 
 0.52734407  0.22569466  0.98410991  1.42764969 
 0.52734456  0.22258353  0.98412887  1.42614856 
 0.52734469  0.21904262  0.98415270  1.42443930 
 0.52734469  0.21510334  0.98418046  1.42253747 
 0.52734520  0.21049943  0.98421856  1.42031695 
 0.52734595  0.20388565  0.98429466  1.41713074 
 0.52734660  0.20011821  0.98432193  1.41531274 
 0.52734702  0.19713699  0.98434231  1.41387350 
 0.52734717  0.19431035  0.98436071  1.41250799 
 0.52734867  0.19119760  0.98438258  1.41100778 
 0.52734928  0.18842085  0.98439932  1.40966707 
 0.52735039  0.18651670  0.98440874  1.40874896 
 0.52735092  0.18508908  0.98441291  1.40805932 
 0.52735127  0.18360607  0.98441753  1.40734246 
 0.52735129  0.18256483  0.98441993  1.40683841 
 0.52735101  0.18151134  0.98442288  1.40632779 
 0.52735092  0.18055025  0.98442659  1.40586254 
 0.52735024  0.18002372  0.98442818  1.40560598 
 0.52734965  0.17899051  0.98443310  1.40510475 
 0.52734859  0.17816401  0.98443610  1.40470214 
 0.52734894  0.17747325  0.98444017  1.40436900 
 0.52734899  0.17676047  0.98444747  1.40402501 
 0.52735004  0.17649539  0.98445202  1.40389998 
 0.52735048  0.17622389  0.98445800  1.40377056 
 0.52735059  0.17602470  0.98446297  1.40367516 
 0.52735059  0.17586725  0.98446812  1.40359976 
 0.52735018  0.17574843  0.98447362  1.40354212 
 0.52734885  0.17559946  0.98448345  1.40346830 
 0.52735004  0.17551028  0.98449455  1.40342997 
 0.52734993  0.17546241  0.98450297  1.40340795 
 0.52734925  0.17542471  0.98451154  1.40338945 
 0.52734792  0.17539084  0.98452383  1.40337185 
 0.52734508  0.17535524  0.98454018  1.40335032 
 0.52733977  0.17531005  0.98456387  1.40331924 
 0.52733128  0.17527090  0.98459748  1.40328482 
 0.52731678  0.17524315  0.98465035  1.40324424 
 0.52729050  0.17522116  0.98474007  1.40318338 
 0.52724399  0.17519809  0.98489234  1.40308219 
 0.52716589  0.17516779  0.98514307  1.40291550 
 0.52703999  0.17512425  0.98554332  1.40264868 
 0.52684273  0.17505996  0.98616808  1.40223214 
 0.52654093  0.17496474  0.98712277  1.40159614 
 0.52608917  0.17482476  0.98854983  1.40064500 
 0.52542883  0.17462185  0.99063871  1.39925596 
 0.52448560  0.17433316  0.99362602  1.39727293 
 0.52316802  0.17393016  0.99781045  1.39450472 
 0.52136779  0.17337888  1.00354961  1.39072544 
 0.51898427  0.17264673  1.01118301  1.38572556 
 0.51621612  0.17179478  1.02011773  1.37992859 
 0.51407191  0.17113068  1.02707657  1.37544147 
 0.51262830  0.17068549  1.03177968  1.37242402 
 0.51275403  0.17072427  1.03141964  1.37269557 
 0.51271973  0.17071920  1.03153367  1.37262722 
 0.51269801  0.17074239  1.03180590  1.37263320 
 0.51254999  0.17078107  1.03174366  1.37227278 
 0.51262229  0.17114756  1.03214522  1.37271952 
 0.51198284  0.17177087  1.03146598  1.37133252 
 0.51465386  0.17331437  1.03588207  1.37962228 
 0.50193336  0.17516961  1.01635678  1.34530684 
 0.56131325  0.18515192  1.10546647  1.51641614 
 0.10000000  0.12500000  0.00000000  0.25000000 
