Date & Time: 2018-12-04 12:56:27.566263
Euler test case, time = 0.8000
dx = 0.00398406374501992
dt = 0.0001
nSteps = 10000
[Pressure]   [Density]    [Velocity]    [Internal Energy]
 0.56368859  0.56368859  0.46517996  1.47021045 
 0.56067932  0.56067932  0.46934663  1.46345327 
 0.55768382  0.55768382  0.47351330  1.45673005 
 0.55470205  0.55470205  0.47767996  1.45004058 
 0.55173396  0.55173396  0.48184663  1.44338465 
 0.54877949  0.54877949  0.48601330  1.43676204 
 0.54583860  0.54583860  0.49017996  1.43017256 
 0.54291122  0.54291122  0.49434663  1.42361598 
 0.53999731  0.53999731  0.49851330  1.41709212 
 0.53709681  0.53709681  0.50267996  1.41060076 
 0.53420968  0.53420968  0.50684663  1.40414170 
 0.53133586  0.53133586  0.51101330  1.39771474 
 0.52847530  0.52847530  0.51517996  1.39131968 
 0.52562796  0.52562796  0.51934663  1.38495632 
 0.52279377  0.52279377  0.52351330  1.37862447 
 0.51997269  0.51997269  0.52767996  1.37232392 
 0.51716467  0.51716467  0.53184663  1.36605449 
 0.51436966  0.51436966  0.53601330  1.35981599 
 0.51158760  0.51158760  0.54017996  1.35360821 
 0.50881846  0.50881846  0.54434663  1.34743097 
 0.50606217  0.50606217  0.54851330  1.34128409 
 0.50331869  0.50331869  0.55267996  1.33516736 
 0.50058797  0.50058797  0.55684663  1.32908061 
 0.49786995  0.49786995  0.56101330  1.32302366 
 0.49516460  0.49516460  0.56517996  1.31699631 
 0.49247185  0.49247185  0.56934663  1.31099838 
 0.48979167  0.48979167  0.57351330  1.30502970 
 0.48712400  0.48712400  0.57767996  1.29909008 
 0.48446879  0.48446879  0.58184663  1.29317934 
 0.48182600  0.48182600  0.58601330  1.28729731 
 0.47919557  0.47919557  0.59017996  1.28144381 
 0.47657746  0.47657746  0.59434663  1.27561866 
 0.47397163  0.47397163  0.59851330  1.26982169 
 0.47137801  0.47137801  0.60267996  1.26405273 
 0.46879657  0.46879657  0.60684663  1.25831161 
 0.46622726  0.46622726  0.61101330  1.25259815 
 0.46367003  0.46367003  0.61517996  1.24691219 
 0.46112482  0.46112482  0.61934663  1.24125355 
 0.45859161  0.45859161  0.62351330  1.23562208 
 0.45607033  0.45607033  0.62767996  1.23001760 
 0.45356094  0.45356094  0.63184663  1.22443995 
 0.45106339  0.45106339  0.63601330  1.21888897 
 0.44857765  0.44857765  0.64017996  1.21336449 
 0.44610365  0.44610365  0.64434663  1.20786636 
 0.44364136  0.44364136  0.64851330  1.20239441 
 0.44119072  0.44119072  0.65267996  1.19694848 
 0.43875170  0.43875170  0.65684663  1.19152842 
 0.43632425  0.43632425  0.66101330  1.18613407 
 0.43390832  0.43390832  0.66517996  1.18076528 
 0.43150386  0.43150386  0.66934663  1.17542188 
 0.42911083  0.42911083  0.67351330  1.17010373 
 0.42672918  0.42672918  0.67767996  1.16481067 
 0.42435888  0.42435888  0.68184663  1.15954256 
 0.42199987  0.42199987  0.68601330  1.15429924 
 0.41965210  0.41965210  0.69017996  1.14908056 
 0.41731555  0.41731555  0.69434663  1.14388638 
 0.41499015  0.41499015  0.69851330  1.13871654 
 0.41267587  0.41267587  0.70267996  1.13357091 
 0.41037266  0.41037266  0.70684663  1.12844933 
 0.40808047  0.40808047  0.71101330  1.12335166 
 0.40579927  0.40579927  0.71517996  1.11827777 
 0.40352901  0.40352901  0.71934663  1.11322750 
 0.40126964  0.40126964  0.72351330  1.10820072 
 0.39902113  0.39902113  0.72767996  1.10319728 
 0.39678342  0.39678342  0.73184663  1.09821706 
 0.39455648  0.39455648  0.73601330  1.09325990 
 0.39234026  0.39234026  0.74017996  1.08832567 
 0.39013472  0.39013472  0.74434663  1.08341425 
 0.38793982  0.38793982  0.74851330  1.07852548 
 0.38575550  0.38575550  0.75267996  1.07365924 
 0.38358174  0.38358174  0.75684663  1.06881539 
 0.38141849  0.38141849  0.76101330  1.06399381 
 0.37926570  0.37926570  0.76517996  1.05919436 
 0.37712333  0.37712333  0.76934663  1.05441690 
 0.37499135  0.37499135  0.77351330  1.04966132 
 0.37286971  0.37286971  0.77767996  1.04492748 
 0.37075836  0.37075836  0.78184663  1.04021525 
 0.36865727  0.36865727  0.78601330  1.03552452 
 0.36656639  0.36656639  0.79017996  1.03085514 
 0.36448569  0.36448569  0.79434663  1.02620700 
 0.36241511  0.36241511  0.79851330  1.02157998 
 0.36035463  0.36035463  0.80267996  1.01697394 
 0.35830420  0.35830420  0.80684663  1.01238878 
 0.35626377  0.35626377  0.81101330  1.00782436 
 0.35423332  0.35423332  0.81517996  1.00328056 
 0.35221279  0.35221279  0.81934663  0.99875727 
 0.35020214  0.35020214  0.82351330  0.99425438 
 0.34820135  0.34820135  0.82767996  0.98977175 
 0.34621035  0.34621035  0.83184663  0.98530927 
 0.34422913  0.34422913  0.83601330  0.98086683 
 0.34225763  0.34225763  0.84017996  0.97644431 
 0.34029582  0.34029582  0.84434663  0.97204160 
 0.33834365  0.33834365  0.84851330  0.96765858 
 0.33640109  0.33640109  0.85267996  0.96329514 
 0.33446810  0.33446810  0.85684663  0.95895117 
 0.33254464  0.33254464  0.86101330  0.95462656 
 0.33063066  0.33063066  0.86517996  0.95032119 
 0.32872614  0.32872614  0.86934663  0.94603497 
 0.32683103  0.32683103  0.87351330  0.94176776 
 0.32494528  0.32494528  0.87767996  0.93751948 
 0.32306888  0.32306888  0.88184663  0.93329001 
 0.32120176  0.32120176  0.88601330  0.92907925 
 0.31934391  0.31934391  0.89017996  0.92488708 
 0.31749527  0.31749527  0.89434663  0.92071341 
 0.31565582  0.31565582  0.89851330  0.91655814 
 0.31382550  0.31382550  0.90267996  0.91242115 
 0.31200429  0.31200429  0.90684663  0.90830234 
 0.31019215  0.31019215  0.91101330  0.90420162 
 0.30838903  0.30838903  0.91517996  0.90011888 
 0.30659491  0.30659491  0.91934663  0.89605402 
 0.30480974  0.30480974  0.92351330  0.89200694 
 0.30303349  0.30303349  0.92767996  0.88797754 
 0.30126612  0.30126612  0.93184663  0.88396573 
 0.29950759  0.29950759  0.93601330  0.87997140 
 0.29775786  0.29775786  0.94017996  0.87599446 
 0.29601691  0.29601691  0.94434663  0.87203482 
 0.29428469  0.29428469  0.94851330  0.86809237 
 0.29256116  0.29256116  0.95267996  0.86416702 
 0.29084629  0.29084629  0.95684663  0.86025869 
 0.28914005  0.28914005  0.96101330  0.85636727 
 0.28744239  0.28744239  0.96517996  0.85249267 
 0.28575328  0.28575328  0.96934663  0.84863480 
 0.28407269  0.28407269  0.97351330  0.84479357 
 0.28240058  0.28240058  0.97767996  0.84096889 
 0.28073691  0.28073691  0.98184663  0.83716066 
 0.27908165  0.27908165  0.98601330  0.83336881 
 0.27743476  0.27743476  0.99017996  0.82959323 
 0.27579621  0.27579621  0.99434663  0.82583385 
 0.27416596  0.27416596  0.99851330  0.82209057 
 0.27254397  0.27254397  1.00267996  0.81836331 
 0.27093022  0.27093022  1.00684663  0.81465198 
 0.26932467  0.26932467  1.01101330  0.81095649 
 0.26772728  0.26772728  1.01517996  0.80727677 
 0.26613801  0.26613801  1.01934663  0.80361272 
 0.26455684  0.26455684  1.02351330  0.79996426 
 0.26298373  0.26298373  1.02767996  0.79633132 
 0.26141864  0.26141864  1.03184663  0.79271380 
 0.25986155  0.25986155  1.03601330  0.78911162 
 0.25831240  0.25831240  1.04017996  0.78552471 
 0.25677119  0.25677119  1.04434663  0.78195298 
 0.25523786  0.25523786  1.04851330  0.77839636 
 0.25371238  0.25371238  1.05267996  0.77485476 
 0.25219473  0.25219473  1.05684663  0.77132810 
 0.25068487  0.25068487  1.06101330  0.76781631 
 0.24918276  0.24918276  1.06517996  0.76431931 
 0.24768837  0.24768837  1.06934663  0.76083702 
 0.24620167  0.24620167  1.07351330  0.75736936 
 0.24472262  0.24472262  1.07767996  0.75391626 
 0.24325120  0.24325120  1.08184663  0.75047765 
 0.24178737  0.24178737  1.08601330  0.74705344 
 0.24033109  0.24033109  1.09017996  0.74364356 
 0.23888234  0.23888234  1.09434663  0.74024795 
 0.23744108  0.23744108  1.09851330  0.73686652 
 0.23600728  0.23600728  1.10267996  0.73349920 
 0.23458091  0.23458091  1.10684663  0.73014593 
 0.23316194  0.23316194  1.11101330  0.72680662 
 0.23175032  0.23175032  1.11517996  0.72348122 
 0.23034604  0.23034604  1.11934663  0.72016963 
 0.22894906  0.22894906  1.12351330  0.71687181 
 0.22755935  0.22755935  1.12767996  0.71358768 
 0.22617687  0.22617687  1.13184663  0.71031716 
 0.22480160  0.22480160  1.13601330  0.70706019 
 0.22343351  0.22343351  1.14017996  0.70381670 
 0.22207255  0.22207255  1.14434663  0.70058663 
 0.22071871  0.22071871  1.14851330  0.69736991 
 0.21937195  0.21937195  1.15267996  0.69416646 
 0.21803224  0.21803224  1.15684663  0.69097623 
 0.21669955  0.21669955  1.16101330  0.68779914 
 0.21537384  0.21537384  1.16517996  0.68463514 
 0.21405509  0.21405509  1.16934663  0.68148416 
 0.21274327  0.21274327  1.17351330  0.67834613 
 0.21143835  0.21143835  1.17767996  0.67522099 
 0.21014030  0.21014030  1.18184663  0.67210868 
 0.20884908  0.20884908  1.18601330  0.66900913 
 0.20756466  0.20756466  1.19017996  0.66592228 
 0.20628703  0.20628703  1.19434663  0.66284807 
 0.20501614  0.20501614  1.19851330  0.65978644 
 0.20375197  0.20375197  1.20267996  0.65673732 
 0.20249448  0.20249448  1.20684663  0.65370067 
 0.20124366  0.20124366  1.21101330  0.65067640 
 0.19999946  0.19999946  1.21517996  0.64766448 
 0.19876186  0.19876186  1.21934663  0.64466483 
 0.19753083  0.19753083  1.22351330  0.64167740 
 0.19630634  0.19630634  1.22767996  0.63870212 
 0.19508837  0.19508837  1.23184663  0.63573895 
 0.19387687  0.19387687  1.23601330  0.63278783 
 0.19267183  0.19267183  1.24017996  0.62984869 
 0.19147322  0.19147322  1.24434663  0.62692148 
 0.19028100  0.19028100  1.24851330  0.62400614 
 0.18909516  0.18909516  1.25267996  0.62110262 
 0.18791565  0.18791565  1.25684663  0.61821087 
 0.18674245  0.18674245  1.26101330  0.61533082 
 0.18557554  0.18557554  1.26517996  0.61246242 
 0.18441489  0.18441489  1.26934663  0.60960562 
 0.18326046  0.18326046  1.27351330  0.60676036 
 0.18211223  0.18211223  1.27767996  0.60392659 
 0.18097017  0.18097017  1.28184663  0.60110427 
 0.12144546  0.22181281  1.53852743  0.56613651 
 0.12144546  0.22181281  1.53852743  0.56613651 
 0.12144546  0.22181281  1.53852743  0.56613651 
 0.12144546  0.22181281  1.53852743  0.56613651 
 0.12144546  0.22181281  1.53852743  0.56613651 
 0.12144546  0.22181281  1.53852743  0.56613651 
 0.12144546  0.22181281  1.53852743  0.56613651 
 0.12144546  0.22181281  1.53852743  0.56613651 
 0.12144546  0.22181281  1.53852743  0.56613651 
 0.12144546  0.22181281  1.53852743  0.56613651 
 0.12144546  0.22181281  1.53852743  0.56613651 
 0.12144546  0.22181281  1.53852743  0.56613651 
 0.12144546  0.22181281  1.53852743  0.56613651 
 0.12144546  0.22181281  1.53852743  0.56613651 
 0.12144546  0.22181281  1.53852743  0.56613651 
 0.12144546  0.22181281  1.53852743  0.56613651 
 0.12144546  0.22181281  1.53852743  0.56613651 
 0.12144546  0.22181281  1.53852743  0.56613651 
 0.12144546  0.22181281  1.53852743  0.56613651 
 0.12144546  0.22181281  1.53852743  0.56613651 
 0.12144546  0.22181281  1.53852743  0.56613651 
 0.12144546  0.22181281  1.53852743  0.56613651 
 0.12144546  0.22181281  1.53852743  0.56613651 
 0.12144546  0.22181281  1.53852743  0.56613651 
 0.12144546  0.22181281  1.53852743  0.56613651 
 0.12144546  0.22181281  1.53852743  0.56613651 
 0.12144546  0.22181281  1.53852743  0.56613651 
 0.12144546  0.22181281  1.53852743  0.56613651 
 0.12144546  0.22181281  1.53852743  0.56613651 
 0.12144546  0.22181281  1.53852743  0.56613651 
 0.12144546  0.22181281  1.53852743  0.56613651 
 0.12144546  0.22181281  1.53852743  0.56613651 
 0.12144546  0.22181281  1.53852743  0.56613651 
 0.12144546  0.22181281  1.53852743  0.56613651 
 0.12144546  0.22181281  1.53852743  0.56613651 
 0.12144546  0.22181281  1.53852743  0.56613651 
 0.12144546  0.22181281  1.53852743  0.56613651 
 0.12144546  0.22181281  1.53852743  0.56613651 
 0.12144546  0.22181281  1.53852743  0.56613651 
 0.12144546  0.22181281  1.53852743  0.56613651 
 0.12144546  0.22181281  1.53852743  0.56613651 
 0.12144546  0.22181281  1.53852743  0.56613651 
 0.12144546  0.22181281  1.53852743  0.56613651 
 0.12144546  0.22181281  1.53852743  0.56613651 
 0.12144546  0.22181281  1.53852743  0.56613651 
 0.12144546  0.22181281  1.53852743  0.56613651 
 0.12144546  0.22181281  1.53852743  0.56613651 
 0.12144546  0.22181281  1.53852743  0.56613651 
 0.12144546  0.22181281  1.53852743  0.56613651 
 0.12144546  0.22181281  1.53852743  0.56613651 
 0.12144546  0.22181281  1.53852743  0.56613651 
 0.12144546  0.22181281  1.53852743  0.56613651 
 0.12144546  0.22181281  1.53852743  0.56613651 
 0.12144546  0.22181281  1.53852743  0.56613651 
