Date & Time: 2018-12-04 12:50:46.282392
Euler test case, time = 0.3000
dx = 0.00398406374501992
dt = 0.0001
nSteps = 10000
[Pressure]   [Density]    [Velocity]    [Internal Energy]
 1.00000000  1.00000000  0.00000000  2.50000000 
 1.00000000  1.00000000  0.00000000  2.50000000 
 1.00000000  1.00000000  0.00000000  2.50000000 
 1.00000000  1.00000000  0.00000000  2.50000000 
 1.00000000  1.00000000  0.00000000  2.50000000 
 1.00000000  1.00000000  0.00000000  2.50000000 
 1.00000000  1.00000000  0.00000000  2.50000000 
 1.00000000  1.00000000  0.00000000  2.50000000 
 1.00000000  1.00000000  0.00000000  2.50000000 
 1.00000000  1.00000000  0.00000000  2.50000000 
 1.00000000  1.00000000  0.00000000  2.50000000 
 1.00000000  1.00000000  0.00000000  2.50000000 
 1.00000000  1.00000000  0.00000000  2.50000000 
 1.00000000  1.00000000  0.00000000  2.50000000 
 1.00000000  1.00000000  0.00000000  2.50000000 
 1.00000000  1.00000000  0.00000000  2.50000000 
 1.00000000  1.00000000  0.00000000  2.50000000 
 1.00000000  1.00000000  0.00000000  2.50000000 
 1.00000000  1.00000000  0.00000000  2.50000000 
 1.00000000  1.00000000  0.00000000  2.50000000 
 1.00000000  1.00000000  0.00000000  2.50000000 
 1.00000000  1.00000000  0.00000000  2.50000000 
 1.00000000  1.00000000  0.00000000  2.50000000 
 1.00000000  1.00000000  0.00000000  2.50000000 
 1.00000000  1.00000000  0.00000000  2.50000000 
 1.00000000  1.00000000  0.00000000  2.50000000 
 1.00000000  1.00000000  0.00000000  2.50000000 
 1.00000000  1.00000000  0.00000000  2.50000000 
 1.00000000  1.00000000  0.00000000  2.50000000 
 1.00000000  1.00000000  0.00000000  2.50000000 
 1.00000000  1.00000000  0.00000000  2.50000000 
 1.00000000  1.00000000  0.00000000  2.50000000 
 1.00000000  1.00000000  0.00000000  2.50000000 
 1.00000000  1.00000000  0.00000000  2.50000000 
 1.00000000  1.00000000  0.00000000  2.50000000 
 1.00000000  1.00000000  0.00000000  2.50000000 
 1.00000000  1.00000000  0.00000000  2.50000000 
 0.99029620  0.99029620  0.00823552  2.47577409 
 0.97733211  0.97733211  0.01934663  2.44351319 
 0.96451377  0.96451377  0.03045774  2.41173179 
 0.95183980  0.95183980  0.04156885  2.38042186 
 0.93930884  0.93930884  0.05267996  2.34957548 
 0.92691956  0.92691956  0.06379107  2.31918485 
 0.91467060  0.91467060  0.07490219  2.28924231 
 0.90256065  0.90256065  0.08601330  2.25974034 
 0.89058839  0.89058839  0.09712441  2.23067151 
 0.87875252  0.87875252  0.10823552  2.20202855 
 0.86705172  0.86705172  0.11934663  2.17380428 
 0.85548472  0.85548472  0.13045774  2.14599165 
 0.84405024  0.84405024  0.14156885  2.11858372 
 0.83274702  0.83274702  0.15267996  2.09157369 
 0.82157378  0.82157378  0.16379107  2.06495485 
 0.81052929  0.81052929  0.17490219  2.03872059 
 0.79961231  0.79961231  0.18601330  2.01286445 
 0.78882161  0.78882161  0.19712441  1.98738005 
 0.77815596  0.77815596  0.20823552  1.96226112 
 0.76761417  0.76761417  0.21934663  1.93750151 
 0.75719502  0.75719502  0.23045774  1.91309515 
 0.74689732  0.74689732  0.24156885  1.88903610 
 0.73671990  0.73671990  0.25267996  1.86531850 
 0.72666158  0.72666158  0.26379107  1.84193660 
 0.71672120  0.71672120  0.27490219  1.81888475 
 0.70689760  0.70689760  0.28601330  1.79615740 
 0.69718964  0.69718964  0.29712441  1.77374907 
 0.68759618  0.68759618  0.30823552  1.75165441 
 0.67811609  0.67811609  0.31934663  1.72986813 
 0.66874825  0.66874825  0.33045774  1.70838507 
 0.65949156  0.65949156  0.34156885  1.68720011 
 0.65034492  0.65034492  0.35267996  1.66630827 
 0.64130722  0.64130722  0.36379107  1.64570461 
 0.63237739  0.63237739  0.37490219  1.62538431 
 0.62355435  0.62355435  0.38601330  1.60534263 
 0.61483704  0.61483704  0.39712441  1.58557489 
 0.60622439  0.60622439  0.40823552  1.56607652 
 0.59771537  0.59771537  0.41934663  1.54684302 
 0.58930892  0.58930892  0.43045774  1.52786997 
 0.58100402  0.58100402  0.44156885  1.50915301 
 0.57279963  0.57279963  0.45267996  1.49068789 
 0.56469476  0.56469476  0.46379107  1.47247042 
 0.55668838  0.55668838  0.47490219  1.45449649 
 0.54877949  0.54877949  0.48601330  1.43676204 
 0.54096712  0.54096712  0.49712441  1.41926312 
 0.53325026  0.53325026  0.50823552  1.40199582 
 0.52562796  0.52562796  0.51934663  1.38495632 
 0.51809923  0.51809923  0.53045774  1.36814086 
 0.51066312  0.51066312  0.54156885  1.35154575 
 0.50331869  0.50331869  0.55267996  1.33516736 
 0.49606498  0.49606498  0.56379107  1.31900214 
 0.48890106  0.48890106  0.57490219  1.30304660 
 0.48182600  0.48182600  0.58601330  1.28729731 
 0.47483888  0.47483888  0.59712441  1.27175089 
 0.46793879  0.46793879  0.60823552  1.25640406 
 0.46112482  0.46112482  0.61934663  1.24125355 
 0.45439608  0.45439608  0.63045774  1.22629619 
 0.44775168  0.44775168  0.64156885  1.21152886 
 0.44119072  0.44119072  0.65267996  1.19694848 
 0.43471235  0.43471235  0.66379107  1.18255204 
 0.42831568  0.42831568  0.67490219  1.16833660 
 0.42199987  0.42199987  0.68601330  1.15429924 
 0.41576404  0.41576404  0.69712441  1.14043712 
 0.40960737  0.40960737  0.70823552  1.12674746 
 0.40352901  0.40352901  0.71934663  1.11322750 
 0.39752813  0.39752813  0.73045774  1.09987456 
 0.39160390  0.39160390  0.74156885  1.08668601 
 0.38575550  0.38575550  0.75267996  1.07365924 
 0.37998214  0.37998214  0.76379107  1.06079172 
 0.37428299  0.37428299  0.77490219  1.04808096 
 0.36865727  0.36865727  0.78601330  1.03552452 
 0.36310418  0.36310418  0.79712441  1.02311998 
 0.35762295  0.35762295  0.80823552  1.01086500 
 0.35221279  0.35221279  0.81934663  0.99875727 
 0.34687293  0.34687293  0.83045774  0.98679453 
 0.34160262  0.34160262  0.84156885  0.97497455 
 0.33640109  0.33640109  0.85267996  0.96329514 
 0.33126760  0.33126760  0.86379107  0.95175419 
 0.32620141  0.32620141  0.87490219  0.94034957 
 0.32120176  0.32120176  0.88601330  0.92907925 
 0.31626795  0.31626795  0.89712441  0.91794119 
 0.31139924  0.31139924  0.90823552  0.90693343 
 0.30659491  0.30659491  0.91934663  0.89605402 
 0.30185426  0.30185426  0.93045774  0.88530105 
 0.29717657  0.29717657  0.94156885  0.87467266 
 0.29256116  0.29256116  0.95267996  0.86416702 
 0.28800732  0.28800732  0.96379107  0.85378234 
 0.28351438  0.28351438  0.97490219  0.84351684 
 0.27908165  0.27908165  0.98601330  0.83336881 
 0.27470845  0.27470845  0.99712441  0.82333655 
 0.27039413  0.27039413  1.00823552  0.81341839 
 0.26613801  0.26613801  1.01934663  0.80361272 
 0.26193945  0.26193945  1.03045774  0.79391793 
 0.25779779  0.25779779  1.04156885  0.78433245 
 0.25371238  0.25371238  1.05267996  0.77485476 
 0.24968260  0.24968260  1.06379107  0.76548334 
 0.24570780  0.24570780  1.07490219  0.75621671 
 0.24178737  0.24178737  1.08601330  0.74705344 
 0.23792067  0.23792067  1.09712441  0.73799209 
 0.23410710  0.23410710  1.10823552  0.72903128 
 0.23034604  0.23034604  1.11934663  0.72016963 
 0.22663690  0.22663690  1.13045774  0.71140582 
 0.22297906  0.22297906  1.14156885  0.70273853 
 0.21937195  0.21937195  1.15267996  0.69416646 
 0.21581497  0.21581497  1.16379107  0.68568836 
 0.21230754  0.21230754  1.17490219  0.67730299 
 0.20884908  0.20884908  1.18601330  0.66900913 
 0.20543902  0.20543902  1.19712441  0.66080559 
 0.20207680  0.20207680  1.20823552  0.65269120 
 0.19876186  0.19876186  1.21934663  0.64466483 
 0.19549364  0.19549364  1.23045774  0.63672534 
 0.19227158  0.19227158  1.24156885  0.62887163 
 0.18909516  0.18909516  1.25267996  0.62110262 
 0.18596382  0.18596382  1.26379107  0.61341726 
 0.18287703  0.18287703  1.27490219  0.60581450 
 0.12144546  0.22181281  1.53852743  0.56613651 
 0.12144546  0.22181281  1.53852743  0.56613651 
 0.12144546  0.22181281  1.53852743  0.56613651 
 0.12144546  0.22181281  1.53852743  0.56613651 
 0.12144546  0.22181281  1.53852743  0.56613651 
 0.12144546  0.22181281  1.53852743  0.56613651 
 0.12144546  0.22181281  1.53852743  0.56613651 
 0.12144546  0.22181281  1.53852743  0.56613651 
 0.12144546  0.22181281  1.53852743  0.56613651 
 0.12144546  0.22181281  1.53852743  0.56613651 
 0.12144546  0.22181281  1.53852743  0.56613651 
 0.12144546  0.22181281  1.53852743  0.56613651 
 0.12144546  0.22181281  1.53852743  0.56613651 
 0.12144546  0.22181281  1.53852743  0.56613651 
 0.12144546  0.22181281  1.53852743  0.56613651 
 0.12144546  0.22181281  1.53852743  0.56613651 
 0.12144546  0.22181281  1.53852743  0.56613651 
 0.12144546  0.22181281  1.53852743  0.56613651 
 0.12144546  0.22181281  1.53852743  0.56613651 
 0.12144546  0.22181281  1.53852743  0.56613651 
 0.12144546  0.22181281  1.53852743  0.56613651 
 0.12144546  0.22181281  1.53852743  0.56613651 
 0.12144546  0.22181281  1.53852743  0.56613651 
 0.12144546  0.22181281  1.53852743  0.56613651 
 0.12144546  0.22181281  1.53852743  0.56613651 
 0.12144546  0.22181281  1.53852743  0.56613651 
 0.12144546  0.22181281  1.53852743  0.56613651 
 0.12144546  0.22181281  1.53852743  0.56613651 
 0.12144546  0.22181281  1.53852743  0.56613651 
 0.12144546  0.22181281  1.53852743  0.56613651 
 0.12144546  0.22181281  1.53852743  0.56613651 
 0.12144546  0.22181281  1.53852743  0.56613651 
 0.12144546  0.22181281  1.53852743  0.56613651 
 0.12144546  0.22181281  1.53852743  0.56613651 
 0.12144546  0.22181281  1.53852743  0.56613651 
 0.12144546  0.22181281  1.53852743  0.56613651 
 0.12144546  0.22181281  1.53852743  0.56613651 
 0.12144546  0.22181281  1.53852743  0.56613651 
 0.12144546  0.22181281  1.53852743  0.56613651 
 0.12144546  0.22181281  1.53852743  0.56613651 
 0.12144546  0.22181281  1.53852743  0.56613651 
 0.12144546  0.22181281  1.53852743  0.56613651 
 0.12144546  0.22181281  1.53852743  0.56613651 
 0.12144546  0.22181281  1.53852743  0.56613651 
 0.12144546  0.22181281  1.53852743  0.56613651 
 0.12144546  0.22181281  1.53852743  0.56613651 
 0.12144546  0.22181281  1.53852743  0.56613651 
 0.12144546  0.22181281  1.53852743  0.56613651 
 0.12144546  0.22181281  1.53852743  0.56613651 
 0.12144546  0.22181281  1.53852743  0.56613651 
 0.12144546  0.22181281  1.53852743  0.56613651 
 0.12144546  0.22181281  1.53852743  0.56613651 
 0.12144546  0.22181281  1.53852743  0.56613651 
 0.12144546  0.22181281  1.53852743  0.56613651 
 0.12144546  0.22181281  1.53852743  0.56613651 
 0.12144546  0.22181281  1.53852743  0.56613651 
 0.12144546  0.22181281  1.53852743  0.56613651 
 0.12144546  0.22181281  1.53852743  0.56613651 
 0.12144546  0.22181281  1.53852743  0.56613651 
 0.12144546  0.22181281  1.53852743  0.56613651 
 0.12144546  0.22181281  1.53852743  0.56613651 
 0.12144546  0.22181281  1.53852743  0.56613651 
 0.12144546  0.22181281  1.53852743  0.56613651 
 0.12144546  0.22181281  1.53852743  0.56613651 
 0.12144546  0.22181281  1.53852743  0.56613651 
 0.12144546  0.22181281  1.53852743  0.56613651 
 0.12144546  0.22181281  1.53852743  0.56613651 
 0.12144546  0.22181281  1.53852743  0.56613651 
 0.12144546  0.22181281  1.53852743  0.56613651 
 0.12144546  0.22181281  1.53852743  0.56613651 
 0.12144546  0.22181281  1.53852743  0.56613651 
 0.12144546  0.22181281  1.53852743  0.56613651 
 0.12144546  0.22181281  1.53852743  0.56613651 
 0.12144546  0.22181281  1.53852743  0.56613651 
 0.12144546  0.22181281  1.53852743  0.56613651 
 0.12144546  0.22181281  1.53852743  0.56613651 
 0.12144546  0.22181281  1.53852743  0.56613651 
 0.12144546  0.22181281  1.53852743  0.56613651 
 0.12144546  0.22181281  1.53852743  0.56613651 
 0.12144546  0.22181281  1.53852743  0.56613651 
 0.12144546  0.22181281  1.53852743  0.56613651 
 0.12144546  0.22181281  1.53852743  0.56613651 
 0.12144546  0.22181281  1.53852743  0.56613651 
 0.12144546  0.22181281  1.53852743  0.56613651 
 0.12144546  0.22181281  1.53852743  0.56613651 
 0.12144546  0.22181281  1.53852743  0.56613651 
 0.12144546  0.22181281  1.53852743  0.56613651 
 0.12144546  0.22181281  1.53852743  0.56613651 
 0.12144546  0.22181281  1.53852743  0.56613651 
 0.10000000  0.12500000  0.00000000  0.25000000 
 0.10000000  0.12500000  0.00000000  0.25000000 
 0.10000000  0.12500000  0.00000000  0.25000000 
 0.10000000  0.12500000  0.00000000  0.25000000 
 0.10000000  0.12500000  0.00000000  0.25000000 
 0.10000000  0.12500000  0.00000000  0.25000000 
 0.10000000  0.12500000  0.00000000  0.25000000 
 0.10000000  0.12500000  0.00000000  0.25000000 
 0.10000000  0.12500000  0.00000000  0.25000000 
 0.10000000  0.12500000  0.00000000  0.25000000 
