Date & Time: 2018-12-04 12:54:10.047857
Euler test case, time = 0.6000
dx = 0.00398406374501992
dt = 0.0001
nSteps = 10000
[Pressure]   [Density]    [Velocity]    [Internal Energy]
 0.70202924  0.70202924  0.29156885  1.78491369 
 0.69718964  0.69718964  0.29712441  1.77374907 
 0.69237867  0.69237867  0.30267996  1.76266286 
 0.68759618  0.68759618  0.30823552  1.75165441 
 0.68284203  0.68284203  0.31379107  1.74072305 
 0.67811609  0.67811609  0.31934663  1.72986813 
 0.67341821  0.67341821  0.32490219  1.71908902 
 0.66874825  0.66874825  0.33045774  1.70838507 
 0.66410609  0.66410609  0.33601330  1.69775564 
 0.65949156  0.65949156  0.34156885  1.68720011 
 0.65490455  0.65490455  0.34712441  1.67671786 
 0.65034492  0.65034492  0.35267996  1.66630827 
 0.64581252  0.64581252  0.35823552  1.65597072 
 0.64130722  0.64130722  0.36379107  1.64570461 
 0.63682889  0.63682889  0.36934663  1.63550934 
 0.63237739  0.63237739  0.37490219  1.62538431 
 0.62795259  0.62795259  0.38045774  1.61532894 
 0.62355435  0.62355435  0.38601330  1.60534263 
 0.61918255  0.61918255  0.39156885  1.59542481 
 0.61483704  0.61483704  0.39712441  1.58557489 
 0.61051770  0.61051770  0.40267996  1.57579232 
 0.60622439  0.60622439  0.40823552  1.56607652 
 0.60195699  0.60195699  0.41379107  1.55642694 
 0.59771537  0.59771537  0.41934663  1.54684302 
 0.59349939  0.59349939  0.42490219  1.53732421 
 0.58930892  0.58930892  0.43045774  1.52786997 
 0.58514384  0.58514384  0.43601330  1.51847974 
 0.58100402  0.58100402  0.44156885  1.50915301 
 0.57688932  0.57688932  0.44712441  1.49988924 
 0.57279963  0.57279963  0.45267996  1.49068789 
 0.56873482  0.56873482  0.45823552  1.48154846 
 0.56469476  0.56469476  0.46379107  1.47247042 
 0.56067932  0.56067932  0.46934663  1.46345327 
 0.55668838  0.55668838  0.47490219  1.45449649 
 0.55272181  0.55272181  0.48045774  1.44559958 
 0.54877949  0.54877949  0.48601330  1.43676204 
 0.54486130  0.54486130  0.49156885  1.42798338 
 0.54096712  0.54096712  0.49712441  1.41926312 
 0.53709681  0.53709681  0.50267996  1.41060076 
 0.53325026  0.53325026  0.50823552  1.40199582 
 0.52942735  0.52942735  0.51379107  1.39344783 
 0.52562796  0.52562796  0.51934663  1.38495632 
 0.52185196  0.52185196  0.52490219  1.37652082 
 0.51809923  0.51809923  0.53045774  1.36814086 
 0.51436966  0.51436966  0.53601330  1.35981599 
 0.51066312  0.51066312  0.54156885  1.35154575 
 0.50697951  0.50697951  0.54712441  1.34332969 
 0.50331869  0.50331869  0.55267996  1.33516736 
 0.49968055  0.49968055  0.55823552  1.32705833 
 0.49606498  0.49606498  0.56379107  1.31900214 
 0.49247185  0.49247185  0.56934663  1.31099838 
 0.48890106  0.48890106  0.57490219  1.30304660 
 0.48535248  0.48535248  0.58045774  1.29514639 
 0.48182600  0.48182600  0.58601330  1.28729731 
 0.47832150  0.47832150  0.59156885  1.27949895 
 0.47483888  0.47483888  0.59712441  1.27175089 
 0.47137801  0.47137801  0.60267996  1.26405273 
 0.46793879  0.46793879  0.60823552  1.25640406 
 0.46452110  0.46452110  0.61379107  1.24880446 
 0.46112482  0.46112482  0.61934663  1.24125355 
 0.45774986  0.45774986  0.62490219  1.23375093 
 0.45439608  0.45439608  0.63045774  1.22629619 
 0.45106339  0.45106339  0.63601330  1.21888897 
 0.44775168  0.44775168  0.64156885  1.21152886 
 0.44446082  0.44446082  0.64712441  1.20421549 
 0.44119072  0.44119072  0.65267996  1.19694848 
 0.43794127  0.43794127  0.65823552  1.18972746 
 0.43471235  0.43471235  0.66379107  1.18255204 
 0.43150386  0.43150386  0.66934663  1.17542188 
 0.42831568  0.42831568  0.67490219  1.16833660 
 0.42514772  0.42514772  0.68045774  1.16129584 
 0.42199987  0.42199987  0.68601330  1.15429924 
 0.41887201  0.41887201  0.69156885  1.14734645 
 0.41576404  0.41576404  0.69712441  1.14043712 
 0.41267587  0.41267587  0.70267996  1.13357091 
 0.40960737  0.40960737  0.70823552  1.12674746 
 0.40655845  0.40655845  0.71379107  1.11996643 
 0.40352901  0.40352901  0.71934663  1.11322750 
 0.40051894  0.40051894  0.72490219  1.10653032 
 0.39752813  0.39752813  0.73045774  1.09987456 
 0.39455648  0.39455648  0.73601330  1.09325990 
 0.39160390  0.39160390  0.74156885  1.08668601 
 0.38867027  0.38867027  0.74712441  1.08015256 
 0.38575550  0.38575550  0.75267996  1.07365924 
 0.38285949  0.38285949  0.75823552  1.06720573 
 0.37998214  0.37998214  0.76379107  1.06079172 
 0.37712333  0.37712333  0.76934663  1.05441690 
 0.37428299  0.37428299  0.77490219  1.04808096 
 0.37146100  0.37146100  0.78045774  1.04178360 
 0.36865727  0.36865727  0.78601330  1.03552452 
 0.36587169  0.36587169  0.79156885  1.02930341 
 0.36310418  0.36310418  0.79712441  1.02311998 
 0.36035463  0.36035463  0.80267996  1.01697394 
 0.35762295  0.35762295  0.80823552  1.01086500 
 0.35490903  0.35490903  0.81379107  1.00479288 
 0.35221279  0.35221279  0.81934663  0.99875727 
 0.34953412  0.34953412  0.82490219  0.99275792 
 0.34687293  0.34687293  0.83045774  0.98679453 
 0.34422913  0.34422913  0.83601330  0.98086683 
 0.34160262  0.34160262  0.84156885  0.97497455 
 0.33899330  0.33899330  0.84712441  0.96911741 
 0.33640109  0.33640109  0.85267996  0.96329514 
 0.33382589  0.33382589  0.85823552  0.95750749 
 0.33126760  0.33126760  0.86379107  0.95175419 
 0.32872614  0.32872614  0.86934663  0.94603497 
 0.32620141  0.32620141  0.87490219  0.94034957 
 0.32369331  0.32369331  0.88045774  0.93469775 
 0.32120176  0.32120176  0.88601330  0.92907925 
 0.31872667  0.31872667  0.89156885  0.92349381 
 0.31626795  0.31626795  0.89712441  0.91794119 
 0.31382550  0.31382550  0.90267996  0.91242115 
 0.31139924  0.31139924  0.90823552  0.90693343 
 0.30898907  0.30898907  0.91379107  0.90147780 
 0.30659491  0.30659491  0.91934663  0.89605402 
 0.30421667  0.30421667  0.92490219  0.89066184 
 0.30185426  0.30185426  0.93045774  0.88530105 
 0.29950759  0.29950759  0.93601330  0.87997140 
 0.29717657  0.29717657  0.94156885  0.87467266 
 0.29486113  0.29486113  0.94712441  0.86940461 
 0.29256116  0.29256116  0.95267996  0.86416702 
 0.29027659  0.29027659  0.95823552  0.85895967 
 0.28800732  0.28800732  0.96379107  0.85378234 
 0.28575328  0.28575328  0.96934663  0.84863480 
 0.28351438  0.28351438  0.97490219  0.84351684 
 0.28129053  0.28129053  0.98045774  0.83842825 
 0.27908165  0.27908165  0.98601330  0.83336881 
 0.27688765  0.27688765  0.99156885  0.82833831 
 0.27470845  0.27470845  0.99712441  0.82333655 
 0.27254397  0.27254397  1.00267996  0.81836331 
 0.27039413  0.27039413  1.00823552  0.81341839 
 0.26825884  0.26825884  1.01379107  0.80850160 
 0.26613801  0.26613801  1.01934663  0.80361272 
 0.26403158  0.26403158  1.02490219  0.79875156 
 0.26193945  0.26193945  1.03045774  0.79391793 
 0.25986155  0.25986155  1.03601330  0.78911162 
 0.25779779  0.25779779  1.04156885  0.78433245 
 0.25574809  0.25574809  1.04712441  0.77958023 
 0.25371238  0.25371238  1.05267996  0.77485476 
 0.25169058  0.25169058  1.05823552  0.77015586 
 0.24968260  0.24968260  1.06379107  0.76548334 
 0.24768837  0.24768837  1.06934663  0.76083702 
 0.24570780  0.24570780  1.07490219  0.75621671 
 0.24374083  0.24374083  1.08045774  0.75162225 
 0.24178737  0.24178737  1.08601330  0.74705344 
 0.23984734  0.23984734  1.09156885  0.74251011 
 0.23792067  0.23792067  1.09712441  0.73799209 
 0.23600728  0.23600728  1.10267996  0.73349920 
 0.23410710  0.23410710  1.10823552  0.72903128 
 0.23222005  0.23222005  1.11379107  0.72458814 
 0.23034604  0.23034604  1.11934663  0.72016963 
 0.22848502  0.22848502  1.12490219  0.71577558 
 0.22663690  0.22663690  1.13045774  0.71140582 
 0.22480160  0.22480160  1.13601330  0.70706019 
 0.22297906  0.22297906  1.14156885  0.70273853 
 0.22116920  0.22116920  1.14712441  0.69844067 
 0.21937195  0.21937195  1.15267996  0.69416646 
 0.21758723  0.21758723  1.15823552  0.68991574 
 0.21581497  0.21581497  1.16379107  0.68568836 
 0.21405509  0.21405509  1.16934663  0.68148416 
 0.21230754  0.21230754  1.17490219  0.67730299 
 0.21057222  0.21057222  1.18045774  0.67314469 
 0.20884908  0.20884908  1.18601330  0.66900913 
 0.20713803  0.20713803  1.19156885  0.66489614 
 0.20543902  0.20543902  1.19712441  0.66080559 
 0.20375197  0.20375197  1.20267996  0.65673732 
 0.20207680  0.20207680  1.20823552  0.65269120 
 0.20041346  0.20041346  1.21379107  0.64866709 
 0.19876186  0.19876186  1.21934663  0.64466483 
 0.19712194  0.19712194  1.22490219  0.64068429 
 0.19549364  0.19549364  1.23045774  0.63672534 
 0.19387687  0.19387687  1.23601330  0.63278783 
 0.19227158  0.19227158  1.24156885  0.62887163 
 0.19067770  0.19067770  1.24712441  0.62497660 
 0.18909516  0.18909516  1.25267996  0.62110262 
 0.18752388  0.18752388  1.25823552  0.61724955 
 0.18596382  0.18596382  1.26379107  0.61341726 
 0.18441489  0.18441489  1.26934663  0.60960562 
 0.18287703  0.18287703  1.27490219  0.60581450 
 0.18135018  0.18135018  1.28045774  0.60204377 
 0.12144546  0.22181281  1.53852743  0.56613651 
 0.12144546  0.22181281  1.53852743  0.56613651 
 0.12144546  0.22181281  1.53852743  0.56613651 
 0.12144546  0.22181281  1.53852743  0.56613651 
 0.12144546  0.22181281  1.53852743  0.56613651 
 0.12144546  0.22181281  1.53852743  0.56613651 
 0.12144546  0.22181281  1.53852743  0.56613651 
 0.12144546  0.22181281  1.53852743  0.56613651 
 0.12144546  0.22181281  1.53852743  0.56613651 
 0.12144546  0.22181281  1.53852743  0.56613651 
 0.12144546  0.22181281  1.53852743  0.56613651 
 0.12144546  0.22181281  1.53852743  0.56613651 
 0.12144546  0.22181281  1.53852743  0.56613651 
 0.12144546  0.22181281  1.53852743  0.56613651 
 0.12144546  0.22181281  1.53852743  0.56613651 
 0.12144546  0.22181281  1.53852743  0.56613651 
 0.12144546  0.22181281  1.53852743  0.56613651 
 0.12144546  0.22181281  1.53852743  0.56613651 
 0.12144546  0.22181281  1.53852743  0.56613651 
 0.12144546  0.22181281  1.53852743  0.56613651 
 0.12144546  0.22181281  1.53852743  0.56613651 
 0.12144546  0.22181281  1.53852743  0.56613651 
 0.12144546  0.22181281  1.53852743  0.56613651 
 0.12144546  0.22181281  1.53852743  0.56613651 
 0.12144546  0.22181281  1.53852743  0.56613651 
 0.12144546  0.22181281  1.53852743  0.56613651 
 0.12144546  0.22181281  1.53852743  0.56613651 
 0.12144546  0.22181281  1.53852743  0.56613651 
 0.12144546  0.22181281  1.53852743  0.56613651 
 0.12144546  0.22181281  1.53852743  0.56613651 
 0.12144546  0.22181281  1.53852743  0.56613651 
 0.12144546  0.22181281  1.53852743  0.56613651 
 0.12144546  0.22181281  1.53852743  0.56613651 
 0.12144546  0.22181281  1.53852743  0.56613651 
 0.12144546  0.22181281  1.53852743  0.56613651 
 0.12144546  0.22181281  1.53852743  0.56613651 
 0.12144546  0.22181281  1.53852743  0.56613651 
 0.12144546  0.22181281  1.53852743  0.56613651 
 0.12144546  0.22181281  1.53852743  0.56613651 
 0.12144546  0.22181281  1.53852743  0.56613651 
 0.12144546  0.22181281  1.53852743  0.56613651 
 0.12144546  0.22181281  1.53852743  0.56613651 
 0.12144546  0.22181281  1.53852743  0.56613651 
 0.12144546  0.22181281  1.53852743  0.56613651 
 0.12144546  0.22181281  1.53852743  0.56613651 
 0.12144546  0.22181281  1.53852743  0.56613651 
 0.12144546  0.22181281  1.53852743  0.56613651 
 0.12144546  0.22181281  1.53852743  0.56613651 
 0.12144546  0.22181281  1.53852743  0.56613651 
 0.12144546  0.22181281  1.53852743  0.56613651 
 0.12144546  0.22181281  1.53852743  0.56613651 
 0.12144546  0.22181281  1.53852743  0.56613651 
 0.12144546  0.22181281  1.53852743  0.56613651 
 0.12144546  0.22181281  1.53852743  0.56613651 
 0.12144546  0.22181281  1.53852743  0.56613651 
 0.12144546  0.22181281  1.53852743  0.56613651 
 0.12144546  0.22181281  1.53852743  0.56613651 
 0.12144546  0.22181281  1.53852743  0.56613651 
 0.12144546  0.22181281  1.53852743  0.56613651 
 0.12144546  0.22181281  1.53852743  0.56613651 
 0.12144546  0.22181281  1.53852743  0.56613651 
 0.12144546  0.22181281  1.53852743  0.56613651 
 0.12144546  0.22181281  1.53852743  0.56613651 
 0.12144546  0.22181281  1.53852743  0.56613651 
 0.12144546  0.22181281  1.53852743  0.56613651 
 0.12144546  0.22181281  1.53852743  0.56613651 
 0.12144546  0.22181281  1.53852743  0.56613651 
 0.12144546  0.22181281  1.53852743  0.56613651 
 0.12144546  0.22181281  1.53852743  0.56613651 
 0.12144546  0.22181281  1.53852743  0.56613651 
 0.12144546  0.22181281  1.53852743  0.56613651 
 0.12144546  0.22181281  1.53852743  0.56613651 
