Date & Time: 2018-12-04 12:48:36.623057
Euler test case, time = 0.1000
dx = 0.00398406374501992
dt = 0.0001
nSteps = 10000
[Pressure]   [Density]    [Velocity]    [Internal Energy]
 1.00000000  1.00000000  0.00000000  2.50000000 
 1.00000000  1.00000000  0.00000000  2.50000000 
 1.00000000  1.00000000  0.00000000  2.50000000 
 1.00000000  1.00000000  0.00000000  2.50000000 
 1.00000000  1.00000000  0.00000000  2.50000000 
 1.00000000  1.00000000  0.00000000  2.50000000 
 1.00000000  1.00000000  0.00000000  2.50000000 
 1.00000000  1.00000000  0.00000000  2.50000000 
 1.00000000  1.00000000  0.00000000  2.50000000 
 1.00000000  1.00000000  0.00000000  2.50000000 
 1.00000000  1.00000000  0.00000000  2.50000000 
 1.00000000  1.00000000  0.00000000  2.50000000 
 1.00000000  1.00000000  0.00000000  2.50000000 
 1.00000000  1.00000000  0.00000000  2.50000000 
 1.00000000  1.00000000  0.00000000  2.50000000 
 1.00000000  1.00000000  0.00000000  2.50000000 
 1.00000000  1.00000000  0.00000000  2.50000000 
 1.00000000  1.00000000  0.00000000  2.50000000 
 1.00000000  1.00000000  0.00000000  2.50000000 
 1.00000000  1.00000000  0.00000000  2.50000000 
 1.00000000  1.00000000  0.00000000  2.50000000 
 1.00000000  1.00000000  0.00000000  2.50000000 
 1.00000000  1.00000000  0.00000000  2.50000000 
 1.00000000  1.00000000  0.00000000  2.50000000 
 1.00000000  1.00000000  0.00000000  2.50000000 
 1.00000000  1.00000000  0.00000000  2.50000000 
 1.00000000  1.00000000  0.00000000  2.50000000 
 1.00000000  1.00000000  0.00000000  2.50000000 
 1.00000000  1.00000000  0.00000000  2.50000000 
 1.00000000  1.00000000  0.00000000  2.50000000 
 1.00000000  1.00000000  0.00000000  2.50000000 
 1.00000000  1.00000000  0.00000000  2.50000000 
 1.00000000  1.00000000  0.00000000  2.50000000 
 1.00000000  1.00000000  0.00000000  2.50000000 
 1.00000000  1.00000000  0.00000000  2.50000000 
 1.00000000  1.00000000  0.00000000  2.50000000 
 1.00000000  1.00000000  0.00000000  2.50000000 
 1.00000000  1.00000000  0.00000000  2.50000000 
 1.00000000  1.00000000  0.00000000  2.50000000 
 1.00000000  1.00000000  0.00000000  2.50000000 
 1.00000000  1.00000000  0.00000000  2.50000000 
 1.00000000  1.00000000  0.00000000  2.50000000 
 1.00000000  1.00000000  0.00000000  2.50000000 
 1.00000000  1.00000000  0.00000000  2.50000000 
 1.00000000  1.00000000  0.00000000  2.50000000 
 1.00000000  1.00000000  0.00000000  2.50000000 
 1.00000000  1.00000000  0.00000000  2.50000000 
 1.00000000  1.00000000  0.00000000  2.50000000 
 1.00000000  1.00000000  0.00000000  2.50000000 
 1.00000000  1.00000000  0.00000000  2.50000000 
 1.00000000  1.00000000  0.00000000  2.50000000 
 1.00000000  1.00000000  0.00000000  2.50000000 
 1.00000000  1.00000000  0.00000000  2.50000000 
 1.00000000  1.00000000  0.00000000  2.50000000 
 1.00000000  1.00000000  0.00000000  2.50000000 
 1.00000000  1.00000000  0.00000000  2.50000000 
 1.00000000  1.00000000  0.00000000  2.50000000 
 1.00000000  1.00000000  0.00000000  2.50000000 
 1.00000000  1.00000000  0.00000000  2.50000000 
 1.00000000  1.00000000  0.00000000  2.50000000 
 1.00000000  1.00000000  0.00000000  2.50000000 
 1.00000000  1.00000000  0.00000000  2.50000000 
 1.00000000  1.00000000  0.00000000  2.50000000 
 1.00000000  1.00000000  0.00000000  2.50000000 
 1.00000000  1.00000000  0.00000000  2.50000000 
 1.00000000  1.00000000  0.00000000  2.50000000 
 1.00000000  1.00000000  0.00000000  2.50000000 
 1.00000000  1.00000000  0.00000000  2.50000000 
 1.00000000  1.00000000  0.00000000  2.50000000 
 1.00000000  1.00000000  0.00000000  2.50000000 
 1.00000000  1.00000000  0.00000000  2.50000000 
 1.00000000  1.00000000  0.00000000  2.50000000 
 1.00000000  1.00000000  0.00000000  2.50000000 
 1.00000000  1.00000000  0.00000000  2.50000000 
 1.00000000  1.00000000  0.00000000  2.50000000 
 1.00000000  1.00000000  0.00000000  2.50000000 
 1.00000000  1.00000000  0.00000000  2.50000000 
 1.00000000  1.00000000  0.00000000  2.50000000 
 1.00000000  1.00000000  0.00000000  2.50000000 
 1.00000000  1.00000000  0.00000000  2.50000000 
 1.00000000  1.00000000  0.00000000  2.50000000 
 1.00000000  1.00000000  0.00000000  2.50000000 
 1.00000000  1.00000000  0.00000000  2.50000000 
 1.00000000  1.00000000  0.00000000  2.50000000 
 1.00000000  1.00000000  0.00000000  2.50000000 
 1.00000000  1.00000000  0.00000000  2.50000000 
 1.00000000  1.00000000  0.00000000  2.50000000 
 1.00000000  1.00000000  0.00000000  2.50000000 
 1.00000000  1.00000000  0.00000000  2.50000000 
 1.00000000  1.00000000  0.00000000  2.50000000 
 1.00000000  1.00000000  0.00000000  2.50000000 
 1.00000000  1.00000000  0.00000000  2.50000000 
 1.00000000  1.00000000  0.00000000  2.50000000 
 1.00000000  1.00000000  0.00000000  2.50000000 
 1.00000000  1.00000000  0.00000000  2.50000000 
 1.00000000  1.00000000  0.00000000  2.50000000 
 0.97733211  0.97733211  0.01934663  2.44351319 
 0.93930884  0.93930884  0.05267996  2.34957548 
 0.90256065  0.90256065  0.08601330  2.25974034 
 0.86705172  0.86705172  0.11934663  2.17380428 
 0.83274702  0.83274702  0.15267996  2.09157369 
 0.79961231  0.79961231  0.18601330  2.01286445 
 0.76761417  0.76761417  0.21934663  1.93750151 
 0.73671990  0.73671990  0.25267996  1.86531850 
 0.70689760  0.70689760  0.28601330  1.79615740 
 0.67811609  0.67811609  0.31934663  1.72986813 
 0.65034492  0.65034492  0.35267996  1.66630827 
 0.62355435  0.62355435  0.38601330  1.60534263 
 0.59771537  0.59771537  0.41934663  1.54684302 
 0.57279963  0.57279963  0.45267996  1.49068789 
 0.54877949  0.54877949  0.48601330  1.43676204 
 0.52562796  0.52562796  0.51934663  1.38495632 
 0.50331869  0.50331869  0.55267996  1.33516736 
 0.48182600  0.48182600  0.58601330  1.28729731 
 0.46112482  0.46112482  0.61934663  1.24125355 
 0.44119072  0.44119072  0.65267996  1.19694848 
 0.42199987  0.42199987  0.68601330  1.15429924 
 0.40352901  0.40352901  0.71934663  1.11322750 
 0.38575550  0.38575550  0.75267996  1.07365924 
 0.36865727  0.36865727  0.78601330  1.03552452 
 0.35221279  0.35221279  0.81934663  0.99875727 
 0.33640109  0.33640109  0.85267996  0.96329514 
 0.32120176  0.32120176  0.88601330  0.92907925 
 0.30659491  0.30659491  0.91934663  0.89605402 
 0.29256116  0.29256116  0.95267996  0.86416702 
 0.27908165  0.27908165  0.98601330  0.83336881 
 0.26613801  0.26613801  1.01934663  0.80361272 
 0.25371238  0.25371238  1.05267996  0.77485476 
 0.24178737  0.24178737  1.08601330  0.74705344 
 0.23034604  0.23034604  1.11934663  0.72016963 
 0.21937195  0.21937195  1.15267996  0.69416646 
 0.20884908  0.20884908  1.18601330  0.66900913 
 0.19876186  0.19876186  1.21934663  0.64466483 
 0.18909516  0.18909516  1.25267996  0.62110262 
 0.12144546  0.22181281  1.53852743  0.56613651 
 0.12144546  0.22181281  1.53852743  0.56613651 
 0.12144546  0.22181281  1.53852743  0.56613651 
 0.12144546  0.22181281  1.53852743  0.56613651 
 0.12144546  0.22181281  1.53852743  0.56613651 
 0.12144546  0.22181281  1.53852743  0.56613651 
 0.12144546  0.22181281  1.53852743  0.56613651 
 0.12144546  0.22181281  1.53852743  0.56613651 
 0.12144546  0.22181281  1.53852743  0.56613651 
 0.12144546  0.22181281  1.53852743  0.56613651 
 0.12144546  0.22181281  1.53852743  0.56613651 
 0.12144546  0.22181281  1.53852743  0.56613651 
 0.12144546  0.22181281  1.53852743  0.56613651 
 0.12144546  0.22181281  1.53852743  0.56613651 
 0.12144546  0.22181281  1.53852743  0.56613651 
 0.12144546  0.22181281  1.53852743  0.56613651 
 0.12144546  0.22181281  1.53852743  0.56613651 
 0.12144546  0.22181281  1.53852743  0.56613651 
 0.12144546  0.22181281  1.53852743  0.56613651 
 0.12144546  0.22181281  1.53852743  0.56613651 
 0.12144546  0.22181281  1.53852743  0.56613651 
 0.12144546  0.22181281  1.53852743  0.56613651 
 0.12144546  0.22181281  1.53852743  0.56613651 
 0.12144546  0.22181281  1.53852743  0.56613651 
 0.12144546  0.22181281  1.53852743  0.56613651 
 0.12144546  0.22181281  1.53852743  0.56613651 
 0.12144546  0.22181281  1.53852743  0.56613651 
 0.12144546  0.22181281  1.53852743  0.56613651 
 0.12144546  0.22181281  1.53852743  0.56613651 
 0.12144546  0.22181281  1.53852743  0.56613651 
 0.10000000  0.12500000  0.00000000  0.25000000 
 0.10000000  0.12500000  0.00000000  0.25000000 
 0.10000000  0.12500000  0.00000000  0.25000000 
 0.10000000  0.12500000  0.00000000  0.25000000 
 0.10000000  0.12500000  0.00000000  0.25000000 
 0.10000000  0.12500000  0.00000000  0.25000000 
 0.10000000  0.12500000  0.00000000  0.25000000 
 0.10000000  0.12500000  0.00000000  0.25000000 
 0.10000000  0.12500000  0.00000000  0.25000000 
 0.10000000  0.12500000  0.00000000  0.25000000 
 0.10000000  0.12500000  0.00000000  0.25000000 
 0.10000000  0.12500000  0.00000000  0.25000000 
 0.10000000  0.12500000  0.00000000  0.25000000 
 0.10000000  0.12500000  0.00000000  0.25000000 
 0.10000000  0.12500000  0.00000000  0.25000000 
 0.10000000  0.12500000  0.00000000  0.25000000 
 0.10000000  0.12500000  0.00000000  0.25000000 
 0.10000000  0.12500000  0.00000000  0.25000000 
 0.10000000  0.12500000  0.00000000  0.25000000 
 0.10000000  0.12500000  0.00000000  0.25000000 
 0.10000000  0.12500000  0.00000000  0.25000000 
 0.10000000  0.12500000  0.00000000  0.25000000 
 0.10000000  0.12500000  0.00000000  0.25000000 
 0.10000000  0.12500000  0.00000000  0.25000000 
 0.10000000  0.12500000  0.00000000  0.25000000 
 0.10000000  0.12500000  0.00000000  0.25000000 
 0.10000000  0.12500000  0.00000000  0.25000000 
 0.10000000  0.12500000  0.00000000  0.25000000 
 0.10000000  0.12500000  0.00000000  0.25000000 
 0.10000000  0.12500000  0.00000000  0.25000000 
 0.10000000  0.12500000  0.00000000  0.25000000 
 0.10000000  0.12500000  0.00000000  0.25000000 
 0.10000000  0.12500000  0.00000000  0.25000000 
 0.10000000  0.12500000  0.00000000  0.25000000 
 0.10000000  0.12500000  0.00000000  0.25000000 
 0.10000000  0.12500000  0.00000000  0.25000000 
 0.10000000  0.12500000  0.00000000  0.25000000 
 0.10000000  0.12500000  0.00000000  0.25000000 
 0.10000000  0.12500000  0.00000000  0.25000000 
 0.10000000  0.12500000  0.00000000  0.25000000 
 0.10000000  0.12500000  0.00000000  0.25000000 
 0.10000000  0.12500000  0.00000000  0.25000000 
 0.10000000  0.12500000  0.00000000  0.25000000 
 0.10000000  0.12500000  0.00000000  0.25000000 
 0.10000000  0.12500000  0.00000000  0.25000000 
 0.10000000  0.12500000  0.00000000  0.25000000 
 0.10000000  0.12500000  0.00000000  0.25000000 
 0.10000000  0.12500000  0.00000000  0.25000000 
 0.10000000  0.12500000  0.00000000  0.25000000 
 0.10000000  0.12500000  0.00000000  0.25000000 
 0.10000000  0.12500000  0.00000000  0.25000000 
 0.10000000  0.12500000  0.00000000  0.25000000 
 0.10000000  0.12500000  0.00000000  0.25000000 
 0.10000000  0.12500000  0.00000000  0.25000000 
 0.10000000  0.12500000  0.00000000  0.25000000 
 0.10000000  0.12500000  0.00000000  0.25000000 
 0.10000000  0.12500000  0.00000000  0.25000000 
 0.10000000  0.12500000  0.00000000  0.25000000 
 0.10000000  0.12500000  0.00000000  0.25000000 
 0.10000000  0.12500000  0.00000000  0.25000000 
 0.10000000  0.12500000  0.00000000  0.25000000 
 0.10000000  0.12500000  0.00000000  0.25000000 
 0.10000000  0.12500000  0.00000000  0.25000000 
 0.10000000  0.12500000  0.00000000  0.25000000 
 0.10000000  0.12500000  0.00000000  0.25000000 
 0.10000000  0.12500000  0.00000000  0.25000000 
 0.10000000  0.12500000  0.00000000  0.25000000 
 0.10000000  0.12500000  0.00000000  0.25000000 
 0.10000000  0.12500000  0.00000000  0.25000000 
 0.10000000  0.12500000  0.00000000  0.25000000 
 0.10000000  0.12500000  0.00000000  0.25000000 
 0.10000000  0.12500000  0.00000000  0.25000000 
 0.10000000  0.12500000  0.00000000  0.25000000 
 0.10000000  0.12500000  0.00000000  0.25000000 
 0.10000000  0.12500000  0.00000000  0.25000000 
 0.10000000  0.12500000  0.00000000  0.25000000 
 0.10000000  0.12500000  0.00000000  0.25000000 
 0.10000000  0.12500000  0.00000000  0.25000000 
 0.10000000  0.12500000  0.00000000  0.25000000 
 0.10000000  0.12500000  0.00000000  0.25000000 
 0.10000000  0.12500000  0.00000000  0.25000000 
 0.10000000  0.12500000  0.00000000  0.25000000 
 0.10000000  0.12500000  0.00000000  0.25000000 
 0.10000000  0.12500000  0.00000000  0.25000000 
 0.10000000  0.12500000  0.00000000  0.25000000 
 0.10000000  0.12500000  0.00000000  0.25000000 
 0.10000000  0.12500000  0.00000000  0.25000000 
