Date & Time: 2018-12-04 12:55:19.661793
Euler test case, time = 0.7000
dx = 0.00398406374501992
dt = 0.0001
nSteps = 10000
[Pressure]   [Density]    [Velocity]    [Internal Energy]
 0.61980548  0.61980548  0.39077520  1.59683747 
 0.61607594  0.61607594  0.39553711  1.58838226 
 0.61236565  0.61236565  0.40029901  1.57997664 
 0.60867453  0.60867453  0.40506092  1.57162026 
 0.60500250  0.60500250  0.40982282  1.56331277 
 0.60134947  0.60134947  0.41458473  1.55505380 
 0.59771537  0.59771537  0.41934663  1.54684302 
 0.59410010  0.59410010  0.42410854  1.53868008 
 0.59050360  0.59050360  0.42887044  1.53056462 
 0.58692577  0.58692577  0.43363234  1.52249632 
 0.58336654  0.58336654  0.43839425  1.51447483 
 0.57982583  0.57982583  0.44315615  1.50649982 
 0.57630356  0.57630356  0.44791806  1.49857095 
 0.57279963  0.57279963  0.45267996  1.49068789 
 0.56931399  0.56931399  0.45744187  1.48285032 
 0.56584654  0.56584654  0.46220377  1.47505791 
 0.56239721  0.56239721  0.46696568  1.46731034 
 0.55896592  0.55896592  0.47172758  1.45960728 
 0.55555259  0.55555259  0.47648949  1.45194843 
 0.55215714  0.55215714  0.48125139  1.44433345 
 0.54877949  0.54877949  0.48601330  1.43676204 
 0.54541957  0.54541957  0.49077520  1.42923389 
 0.54207730  0.54207730  0.49553711  1.42174869 
 0.53875260  0.53875260  0.50029901  1.41430614 
 0.53544539  0.53544539  0.50506092  1.40690592 
 0.53215560  0.53215560  0.50982282  1.39954775 
 0.52888314  0.52888314  0.51458473  1.39223131 
 0.52562796  0.52562796  0.51934663  1.38495632 
 0.52238996  0.52238996  0.52410854  1.37772248 
 0.51916907  0.51916907  0.52887044  1.37052949 
 0.51596522  0.51596522  0.53363234  1.36337707 
 0.51277833  0.51277833  0.53839425  1.35626494 
 0.50960833  0.50960833  0.54315615  1.34919279 
 0.50645514  0.50645514  0.54791806  1.34216036 
 0.50331869  0.50331869  0.55267996  1.33516736 
 0.50019890  0.50019890  0.55744187  1.32821351 
 0.49709570  0.49709570  0.56220377  1.32129854 
 0.49400902  0.49400902  0.56696568  1.31442217 
 0.49093878  0.49093878  0.57172758  1.30758413 
 0.48788491  0.48788491  0.57648949  1.30078416 
 0.48484734  0.48484734  0.58125139  1.29402197 
 0.48182600  0.48182600  0.58601330  1.28729731 
 0.47882080  0.47882080  0.59077520  1.28060991 
 0.47583169  0.47583169  0.59553711  1.27395952 
 0.47285858  0.47285858  0.60029901  1.26734586 
 0.46990142  0.46990142  0.60506092  1.26076869 
 0.46696011  0.46696011  0.60982282  1.25422775 
 0.46403461  0.46403461  0.61458473  1.24772279 
 0.46112482  0.46112482  0.61934663  1.24125355 
 0.45823069  0.45823069  0.62410854  1.23481979 
 0.45535215  0.45535215  0.62887044  1.22842125 
 0.45248911  0.45248911  0.63363234  1.22205770 
 0.44964152  0.44964152  0.63839425  1.21572889 
 0.44680931  0.44680931  0.64315615  1.20943457 
 0.44399240  0.44399240  0.64791806  1.20317452 
 0.44119072  0.44119072  0.65267996  1.19694848 
 0.43840422  0.43840422  0.65744187  1.19075623 
 0.43563281  0.43563281  0.66220377  1.18459753 
 0.43287643  0.43287643  0.66696568  1.17847215 
 0.43013501  0.43013501  0.67172758  1.17237986 
 0.42740849  0.42740849  0.67648949  1.16632042 
 0.42469680  0.42469680  0.68125139  1.16029363 
 0.42199987  0.42199987  0.68601330  1.15429924 
 0.41931763  0.41931763  0.69077520  1.14833704 
 0.41665001  0.41665001  0.69553711  1.14240680 
 0.41399696  0.41399696  0.70029901  1.13650831 
 0.41135839  0.41135839  0.70506092  1.13064135 
 0.40873426  0.40873426  0.70982282  1.12480571 
 0.40612449  0.40612449  0.71458473  1.11900116 
 0.40352901  0.40352901  0.71934663  1.11322750 
 0.40094776  0.40094776  0.72410854  1.10748452 
 0.39838068  0.39838068  0.72887044  1.10177200 
 0.39582770  0.39582770  0.73363234  1.09608974 
 0.39328876  0.39328876  0.73839425  1.09043754 
 0.39076379  0.39076379  0.74315615  1.08481519 
 0.38825272  0.38825272  0.74791806  1.07922249 
 0.38575550  0.38575550  0.75267996  1.07365924 
 0.38327206  0.38327206  0.75744187  1.06812524 
 0.38080234  0.38080234  0.76220377  1.06262028 
 0.37834627  0.37834627  0.76696568  1.05714419 
 0.37590379  0.37590379  0.77172758  1.05169676 
 0.37347484  0.37347484  0.77648949  1.04627779 
 0.37105935  0.37105935  0.78125139  1.04088711 
 0.36865727  0.36865727  0.78601330  1.03552452 
 0.36626853  0.36626853  0.79077520  1.03018982 
 0.36389306  0.36389306  0.79553711  1.02488285 
 0.36153082  0.36153082  0.80029901  1.01960340 
 0.35918173  0.35918173  0.80506092  1.01435130 
 0.35684573  0.35684573  0.80982282  1.00912637 
 0.35452277  0.35452277  0.81458473  1.00392842 
 0.35221279  0.35221279  0.81934663  0.99875727 
 0.34991571  0.34991571  0.82410854  0.99361276 
 0.34763149  0.34763149  0.82887044  0.98849470 
 0.34536006  0.34536006  0.83363234  0.98340292 
 0.34310137  0.34310137  0.83839425  0.97833724 
 0.34085535  0.34085535  0.84315615  0.97329750 
 0.33862194  0.33862194  0.84791806  0.96828353 
 0.33640109  0.33640109  0.85267996  0.96329514 
 0.33419274  0.33419274  0.85744187  0.95833219 
 0.33199682  0.33199682  0.86220377  0.95339450 
 0.32981328  0.32981328  0.86696568  0.94848190 
 0.32764207  0.32764207  0.87172758  0.94359424 
 0.32548311  0.32548311  0.87648949  0.93873135 
 0.32333637  0.32333637  0.88125139  0.93389307 
 0.32120176  0.32120176  0.88601330  0.92907925 
 0.31907926  0.31907926  0.89077520  0.92428972 
 0.31696878  0.31696878  0.89553711  0.91952432 
 0.31487028  0.31487028  0.90029901  0.91478291 
 0.31278370  0.31278370  0.90506092  0.91006532 
 0.31070898  0.31070898  0.90982282  0.90537141 
 0.30864607  0.30864607  0.91458473  0.90070103 
 0.30659491  0.30659491  0.91934663  0.89605402 
 0.30455545  0.30455545  0.92410854  0.89143023 
 0.30252762  0.30252762  0.92887044  0.88682952 
 0.30051138  0.30051138  0.93363234  0.88225174 
 0.29850667  0.29850667  0.93839425  0.87769674 
 0.29651343  0.29651343  0.94315615  0.87316438 
 0.29453161  0.29453161  0.94791806  0.86865453 
 0.29256116  0.29256116  0.95267996  0.86416702 
 0.29060202  0.29060202  0.95744187  0.85970174 
 0.28865413  0.28865413  0.96220377  0.85525852 
 0.28671744  0.28671744  0.96696568  0.85083725 
 0.28479190  0.28479190  0.97172758  0.84643778 
 0.28287746  0.28287746  0.97648949  0.84205997 
 0.28097406  0.28097406  0.98125139  0.83770369 
 0.27908165  0.27908165  0.98601330  0.83336881 
 0.27720017  0.27720017  0.99077520  0.82905519 
 0.27532958  0.27532958  0.99553711  0.82476270 
 0.27346981  0.27346981  1.00029901  0.82049122 
 0.27162082  0.27162082  1.00506092  0.81624060 
 0.26978256  0.26978256  1.00982282  0.81201073 
 0.26795498  0.26795498  1.01458473  0.80780148 
 0.26613801  0.26613801  1.01934663  0.80361272 
 0.26433162  0.26433162  1.02410854  0.79944432 
 0.26253574  0.26253574  1.02887044  0.79529617 
 0.26075034  0.26075034  1.03363234  0.79116813 
 0.25897535  0.25897535  1.03839425  0.78706009 
 0.25721073  0.25721073  1.04315615  0.78297193 
 0.25545642  0.25545642  1.04791806  0.77890353 
 0.25371238  0.25371238  1.05267996  0.77485476 
 0.25197856  0.25197856  1.05744187  0.77082551 
 0.25025490  0.25025490  1.06220377  0.76681566 
 0.24854136  0.24854136  1.06696568  0.76282510 
 0.24683788  0.24683788  1.07172758  0.75885371 
 0.24514443  0.24514443  1.07648949  0.75490138 
 0.24346094  0.24346094  1.08125139  0.75096799 
 0.24178737  0.24178737  1.08601330  0.74705344 
 0.24012367  0.24012367  1.09077520  0.74315760 
 0.23846979  0.23846979  1.09553711  0.73928038 
 0.23682569  0.23682569  1.10029901  0.73542166 
 0.23519131  0.23519131  1.10506092  0.73158133 
 0.23356661  0.23356661  1.10982282  0.72775929 
 0.23195153  0.23195153  1.11458473  0.72395543 
 0.23034604  0.23034604  1.11934663  0.72016963 
 0.22875009  0.22875009  1.12410854  0.71640181 
 0.22716362  0.22716362  1.12887044  0.71265186 
 0.22558659  0.22558659  1.13363234  0.70891966 
 0.22401896  0.22401896  1.13839425  0.70520512 
 0.22246067  0.22246067  1.14315615  0.70150815 
 0.22091168  0.22091168  1.14791806  0.69782862 
 0.21937195  0.21937195  1.15267996  0.69416646 
 0.21784142  0.21784142  1.15744187  0.69052155 
 0.21632006  0.21632006  1.16220377  0.68689381 
 0.21480781  0.21480781  1.16696568  0.68328313 
 0.21330464  0.21330464  1.17172758  0.67968942 
 0.21181049  0.21181049  1.17648949  0.67611257 
 0.21032531  0.21032531  1.18125139  0.67255251 
 0.20884908  0.20884908  1.18601330  0.66900913 
 0.20738173  0.20738173  1.19077520  0.66548233 
 0.20592323  0.20592323  1.19553711  0.66197204 
 0.20447353  0.20447353  1.20029901  0.65847815 
 0.20303259  0.20303259  1.20506092  0.65500057 
 0.20160036  0.20160036  1.20982282  0.65153922 
 0.20017680  0.20017680  1.21458473  0.64809400 
 0.19876186  0.19876186  1.21934663  0.64466483 
 0.19735550  0.19735550  1.22410854  0.64125161 
 0.19595768  0.19595768  1.22887044  0.63785427 
 0.19456836  0.19456836  1.23363234  0.63447271 
 0.19318749  0.19318749  1.23839425  0.63110685 
 0.19181503  0.19181503  1.24315615  0.62775661 
 0.19045093  0.19045093  1.24791806  0.62442189 
 0.18909516  0.18909516  1.25267996  0.62110262 
 0.18774766  0.18774766  1.25744187  0.61779871 
 0.18640841  0.18640841  1.26220377  0.61451009 
 0.18507735  0.18507735  1.26696568  0.61123666 
 0.18375445  0.18375445  1.27172758  0.60797835 
 0.18243966  0.18243966  1.27648949  0.60473507 
 0.18113295  0.18113295  1.28125139  0.60150676 
 0.12144546  0.22181281  1.53852743  0.56613651 
 0.12144546  0.22181281  1.53852743  0.56613651 
 0.12144546  0.22181281  1.53852743  0.56613651 
 0.12144546  0.22181281  1.53852743  0.56613651 
 0.12144546  0.22181281  1.53852743  0.56613651 
 0.12144546  0.22181281  1.53852743  0.56613651 
 0.12144546  0.22181281  1.53852743  0.56613651 
 0.12144546  0.22181281  1.53852743  0.56613651 
 0.12144546  0.22181281  1.53852743  0.56613651 
 0.12144546  0.22181281  1.53852743  0.56613651 
 0.12144546  0.22181281  1.53852743  0.56613651 
 0.12144546  0.22181281  1.53852743  0.56613651 
 0.12144546  0.22181281  1.53852743  0.56613651 
 0.12144546  0.22181281  1.53852743  0.56613651 
 0.12144546  0.22181281  1.53852743  0.56613651 
 0.12144546  0.22181281  1.53852743  0.56613651 
 0.12144546  0.22181281  1.53852743  0.56613651 
 0.12144546  0.22181281  1.53852743  0.56613651 
 0.12144546  0.22181281  1.53852743  0.56613651 
 0.12144546  0.22181281  1.53852743  0.56613651 
 0.12144546  0.22181281  1.53852743  0.56613651 
 0.12144546  0.22181281  1.53852743  0.56613651 
 0.12144546  0.22181281  1.53852743  0.56613651 
 0.12144546  0.22181281  1.53852743  0.56613651 
 0.12144546  0.22181281  1.53852743  0.56613651 
 0.12144546  0.22181281  1.53852743  0.56613651 
 0.12144546  0.22181281  1.53852743  0.56613651 
 0.12144546  0.22181281  1.53852743  0.56613651 
 0.12144546  0.22181281  1.53852743  0.56613651 
 0.12144546  0.22181281  1.53852743  0.56613651 
 0.12144546  0.22181281  1.53852743  0.56613651 
 0.12144546  0.22181281  1.53852743  0.56613651 
 0.12144546  0.22181281  1.53852743  0.56613651 
 0.12144546  0.22181281  1.53852743  0.56613651 
 0.12144546  0.22181281  1.53852743  0.56613651 
 0.12144546  0.22181281  1.53852743  0.56613651 
 0.12144546  0.22181281  1.53852743  0.56613651 
 0.12144546  0.22181281  1.53852743  0.56613651 
 0.12144546  0.22181281  1.53852743  0.56613651 
 0.12144546  0.22181281  1.53852743  0.56613651 
 0.12144546  0.22181281  1.53852743  0.56613651 
 0.12144546  0.22181281  1.53852743  0.56613651 
 0.12144546  0.22181281  1.53852743  0.56613651 
 0.12144546  0.22181281  1.53852743  0.56613651 
 0.12144546  0.22181281  1.53852743  0.56613651 
 0.12144546  0.22181281  1.53852743  0.56613651 
 0.12144546  0.22181281  1.53852743  0.56613651 
 0.12144546  0.22181281  1.53852743  0.56613651 
 0.12144546  0.22181281  1.53852743  0.56613651 
 0.12144546  0.22181281  1.53852743  0.56613651 
 0.12144546  0.22181281  1.53852743  0.56613651 
 0.12144546  0.22181281  1.53852743  0.56613651 
 0.12144546  0.22181281  1.53852743  0.56613651 
 0.12144546  0.22181281  1.53852743  0.56613651 
 0.12144546  0.22181281  1.53852743  0.56613651 
 0.12144546  0.22181281  1.53852743  0.56613651 
 0.12144546  0.22181281  1.53852743  0.56613651 
 0.12144546  0.22181281  1.53852743  0.56613651 
 0.12144546  0.22181281  1.53852743  0.56613651 
 0.12144546  0.22181281  1.53852743  0.56613651 
 0.12144546  0.22181281  1.53852743  0.56613651 
 0.12144546  0.22181281  1.53852743  0.56613651 
 0.12144546  0.22181281  1.53852743  0.56613651 
